1 0.374193 0.9998612 0.948677 0.9318424 0.5836322 0.9998612 0.9493862 0.9277127 0.5583668 
2 0.3592115 0.99991 0.9112998 0.7704998 0.3666114 0.9999007 0.9046119 0.7740017 0.3720914 
3 0.4169694 0.9999015 0.9384539 0.8595718 0.373776 0.9999015 0.9385263 0.8545625 0.3711784 
4 0.3780323 0.9998442 0.9102152 0.9105806 0.3716145 0.9998442 0.9242187 0.9367837 0.4796585 
5 0.4049933 0.9998243 0.9665976 0.9675737 0.5919094 0.9998243 0.9651981 0.9664411 0.56625 
6 0.4153235 0.9998921 0.9610187 0.9825872 0.6964305 0.9998887 0.9617114 0.9847059 0.709422 
7 0.3524341 0.999879 0.9171566 0.8204731 0.3807154 0.9998849 0.924913 0.8229849 0.3868741 
8 0.3703176 0.9998748 0.9568769 0.9533329 0.5450311 0.9998748 0.9579024 0.9554898 0.5794406 
9 0.3895109 0.9999125 0.9456522 0.970696 0.6307375 0.9999125 0.9458783 0.9726413 0.6428754 
10 0.3749954 0.999885 0.9621015 0.9630049 0.6778801 0.9998884 0.9627911 0.9626646 0.6666148 
11 0.3625697 0.9998913 0.9385915 0.8939482 0.4093417 0.9998947 0.939357 0.8946694 0.4098751 
12 0.3960473 0.9998956 0.9547769 0.9377812 0.4246467 0.9998922 0.9557593 0.9413823 0.4377799 
13 0.3910121 0.9993175 0.5853951 0.3424914 0.3714881 0.9994457 0.6189474 0.3660498 0.3713097 
14 0.4148211 0.9998973 0.915821 0.7655768 0.3536964 0.9998943 0.9146245 0.7726148 0.3538889 
15 0.3918312 0.9998888 0.9686197 0.9973423 0.8180238 0.9998888 0.9660047 0.9980066 0.8310238 
16 0.3978412 0.9921594 0.8452426 0.4914186 0.3381667 0.990859 0.8421437 0.518464 0.3398732 
17 0.4364291 0.9998417 0.9358995 0.8168806 0.3790416 0.9998387 0.9299332 0.7922992 0.3743478 
18 0.4153714 0.9998884 0.9599339 0.9415657 0.4232976 0.9998884 0.959127 0.9430012 0.4257124 
19 0.3782471 0.9998918 0.9615235 0.9540368 0.5416752 0.999885 0.9613961 0.9545704 0.5361965 
20 0.3843781 0.9999083 0.936081 0.83968 0.3739806 0.9999053 0.9286262 0.8280288 0.3732539 
21 0.3649438 0.7541152 0.5234884 0.3595183 0.3457923 0.776533 0.6060876 0.3637013 0.3468043 
22 0.4150891 0.9998756 0.9322543 0.838251 0.3716957 0.9998722 0.9343451 0.8459492 0.3767963 
23 0.4001133 0.9998722 0.926918 0.8235778 0.3662692 0.9998752 0.9300785 0.827372 0.3674594 
24 0.401321 0.999882 0.9685664 0.9978089 0.8246506 0.999882 0.9675905 0.9985313 0.8421042 
25 0.4261543 0.999882 0.9614282 0.9387351 0.403872 0.999882 0.960722 0.9422683 0.4081939 
26 0.4112685 0.9765891 0.822506 0.567558 0.3755867 0.9804119 0.8285998 0.5704312 0.3749057 
27 0.4262746 0.9654869 0.4690479 0.381104 0.4189225 0.9316334 0.3754687 0.4688226 0.4141362 
28 0.4014228 0.9998578 0.9525572 0.9360672 0.5153456 0.9998578 0.9546241 0.9367335 0.5275078 
29 0.4133665 0.9998552 0.9618181 0.9511811 0.4419388 0.9998552 0.9616593 0.9541716 0.4574561 
30 0.3768907 0.9998477 0.9137434 0.7796525 0.3588219 0.9998472 0.9143197 0.7766152 0.3557094 
31 0.9226067 0.5589482 0.5908112 0.3675652 0.5737591 0.5525614 0.5427538 0.3636962 0.6085607 
32 0.3745878 0.9998711 0.9507121 0.9278578 0.4214504 0.9998745 0.9499515 0.9300576 0.429944 
33 0.4239666 0.9998887 0.9512731 0.8910066 0.379059 0.9998853 0.9515885 0.8937153 0.3790737 
34 0.3921597 0.9998956 0.9654886 0.960363 0.4750073 0.9998956 0.9632932 0.9391632 0.3452039 
35 0.4036827 0.9999003 0.9383744 0.8450939 0.3746905 0.9999003 0.9365992 0.8574465 0.3834515 
36 0.3622867 0.3486303 0.3287915 0.2659838 0.2642712 0.3489219 0.3300412 0.2615286 0.2568991 
37 0.346941 0.950624 0.7784512 0.4544758 0.3618471 0.9499806 0.7783764 0.4517139 0.361667 
38 0.3585317 0.9998268 0.9572216 0.95781 0.7512042 0.9998268 0.9592071 0.9596611 0.766996 
39 0.3781441 0.999868 0.94076 0.890467 0.3724179 0.9998714 0.9455975 0.8949677 0.3727767 
40 0.357096 0.9999058 0.9483701 0.933735 0.5702305 0.9999058 0.9515712 0.9365181 0.5925628 
41 0.3786368 0.9998578 0.9619345 0.9602907 0.5765418 0.9998544 0.9620503 0.959905 0.5638168 
42 0.4213471 0.9747633 0.8254723 0.4640059 0.3535708 0.9708241 0.8221801 0.4830986 0.3557508 
43 0.3943789 0.9998743 0.961984 0.9524247 0.4293272 0.9998743 0.961948 0.9516126 0.4292812 
44 0.3865054 0.9998749 0.9530411 0.9431414 0.4922096 0.9998749 0.9565281 0.9450104 0.5034388 
45 0.4239606 0.9998243 0.8928488 0.601071 0.380148 0.999854 0.9143717 0.4342065 0.3803803 
46 0.3958718 0.999882 0.9384102 0.881319 0.412085 0.999882 0.9415953 0.8818129 0.4164017 
47 0.3991527 0.9998693 0.9268588 0.8211325 0.3695484 0.9998693 0.9282422 0.826479 0.373365 
48 0.3599589 0.9998816 0.937702 0.8882981 0.4305306 0.9998816 0.9395584 0.8898689 0.4338066 
49 0.3998863 0.9999053 0.9561487 0.9279006 0.3944897 0.9999019 0.9547915 0.9301313 0.3967444 
50 0.4197461 0.9998646 0.9434051 0.8747218 0.3740076 0.9998646 0.9390789 0.874485 0.3727899 
51 0.3846993 0.9999228 0.9601437 0.9486514 0.420876 0.9999228 0.9606973 0.9511764 0.4278289 
52 0.4252018 0.9998854 0.9520424 0.8946051 0.3829704 0.999882 0.9520257 0.8961926 0.3825007 
53 0.3870478 0.9999016 0.9610738 0.9543729 0.4407098 0.9999016 0.9608749 0.9536672 0.4377725 
54 0.382132 0.999919 0.9365462 0.8538429 0.3687116 0.999919 0.9366882 0.8505002 0.367697 
55 0.3714642 0.9998879 0.9532727 0.9436981 0.5280821 0.9998845 0.9563105 0.9406198 0.4963292 
56 0.3950053 0.9916693 0.4174077 0.3374422 0.3762421 0.9912154 0.4165878 0.3337609 0.3755244 
57 0.3795851 0.9998951 0.9395464 0.8688384 0.3803817 0.9998951 0.9352051 0.8740163 0.3852248 
58 0.4231195 0.9999088 0.9482876 0.8622869 0.374535 0.9999088 0.9460757 0.8634327 0.3744208 
59 0.4212461 0.9998587 0.9367628 0.7716738 0.371487 0.9998587 0.9354176 0.7873873 0.3714623 
60 0.4249379 0.9998854 0.9524501 0.9075687 0.3886291 0.9998888 0.9537812 0.9039286 0.3880358 
61 0.4024224 0.9998545 0.9543535 0.9309055 0.4014158 0.9998579 0.9549721 0.9271156 0.3962622 
62 0.4144929 0.4583985 0.4099139 0.306517 0.3299895 0.4874794 0.4266238 0.3114594 0.3295619 
63 0.3685097 0.9999024 0.9485646 0.9239008 0.4250786 0.9999024 0.9497198 0.9282342 0.4443259 
64 0.3832969 0.9999049 0.9646015 0.9710844 0.7665673 0.9999049 0.9652917 0.9696707 0.7573762 
65 0.3844437 0.9992361 0.5379911 0.3325467 0.3684692 0.999061 0.5159692 0.3453055 0.3692779 
66 0.3442559 0.8688201 0.7061816 0.3958323 0.3477219 0.8749959 0.6774589 0.39524 0.3445197 
67 0.3804764 0.8575543 0.5327973 0.3644394 0.3122333 0.9043775 0.6652707 0.3680709 0.3140723 
68 0.4093043 0.9998452 0.9340319 0.841069 0.3732428 0.9998418 0.9324781 0.8426575 0.3756737 
69 0.9812561 0.8453608 0.7519339 0.4549857 0.5688458 0.8210238 0.7451777 0.4667705 0.5660253 
70 0.3872025 0.9998981 0.9743323 0.99945 0.8721913 0.9998981 0.9737418 0.9993652 0.8681192 
71 0.4277925 0.9998582 0.9409694 0.8168755 0.376596 0.9998582 0.9387621 0.8272669 0.3775543 
72 0.3780934 0.9710321 0.8169133 0.4655839 0.3531781 0.9705561 0.8168404 0.4895276 0.3522429 
73 0.3804722 0.9625566 0.7970262 0.4385756 0.3384466 0.9589372 0.7935538 0.4334693 0.3363238 
74 0.4175271 0.9998591 0.957935 0.9362501 0.4052861 0.9998591 0.9568417 0.9375838 0.4065675 
75 0.3850426 0.9999058 0.9394688 0.8540525 0.3716123 0.9999058 0.9437605 0.8709669 0.3737194 
76 0.3856888 0.999862 0.9597654 0.947741 0.4070706 0.999862 0.9612504 0.9499256 0.4124889 
77 0.4007947 0.9998553 0.9547095 0.9429201 0.5183314 0.9998553 0.9551827 0.9362418 0.4691985 
78 0.3793045 0.9999087 0.962741 0.9610029 0.4821149 0.9999053 0.9625744 0.9621344 0.4970113 
79 0.3585659 0.999882 0.9384855 0.8786748 0.4008011 0.999882 0.9330664 0.8691819 0.3911532 
80 0.416609 0.9995195 0.8890318 0.7304278 0.3549587 0.9994543 0.8878849 0.7200222 0.3539541 
81 0.4126789 0.9998306 0.9624952 0.9553613 0.5987295 0.9998374 0.9622184 0.9569126 0.6330505 
82 0.4076757 0.9998587 0.9281694 0.8235029 0.3573299 0.9998587 0.9294967 0.8182832 0.3551364 
83 0.3473639 0.9650507 0.8037243 0.4450396 0.3491941 0.9650074 0.8019298 0.44365 0.3437014 
84 0.4159157 0.9998688 0.9366148 0.977863 0.6795171 0.9998688 0.9332125 0.9820896 0.7006794 
85 0.3671971 0.9993396 0.8795434 0.7056445 0.3447314 0.9994794 0.8811011 0.6994008 0.34696 
86 0.421838 0.9998621 0.9308531 0.8188247 0.3737581 0.9998621 0.9314031 0.816414 0.3724147 
87 0.3966591 0.9998947 0.9426507 0.9600753 0.6093915 0.9998947 0.9340546 0.960744 0.6130677 
88 0.3902429 0.9998849 0.9260656 0.8241732 0.3634619 0.9998849 0.9276665 0.815558 0.3574591 
89 0.3740851 0.9998714 0.9490018 0.9134821 0.3755029 0.999868 0.950286 0.9138248 0.3750677 
90 0.4033859 0.9998782 0.9420224 0.8863674 0.3754619 0.9998782 0.9426001 0.8865031 0.3752848 
91 0.3820002 0.9999028 0.9617076 0.9607216 0.6171715 0.9998998 0.9618979 0.9617425 0.6266623 
92 0.4093444 0.9998782 0.9572303 0.9373832 0.3977836 0.9998782 0.9558387 0.9359837 0.3965064 
93 0.3984403 0.999854 0.9566791 0.933458 0.3936486 0.9998506 0.9562492 0.9345179 0.3951088 
94 0.3832962 0.9998956 0.9630626 0.9609375 0.5085692 0.9998922 0.9638892 0.9620722 0.5267559 
95 0.393887 0.999876 0.9487857 0.8733554 0.3749243 0.9998765 0.9525099 0.904352 0.3805615 
96 0.3716451 0.9998951 0.9502686 0.935177 0.4598032 0.9998951 0.9527449 0.9336426 0.4460425 
97 0.4142349 0.9998596 0.9323891 0.8463204 0.3757576 0.9998625 0.9355098 0.8537736 0.3799192 
98 0.3788177 0.9998748 0.9547112 0.9429208 0.4029461 0.9998748 0.9580448 0.9460148 0.4099142 
99 0.3947138 0.999896 0.9527585 0.9281887 0.4382806 0.999896 0.9527752 0.9207556 0.4128718 
100 0.4001942 0.9722897 0.8137443 0.4273293 0.3354906 0.9656184 0.802706 0.4360267 0.3351266 
