1 0.2643941 7.425174e-05 0.1482493 0.188205 0.2711963 0.0001474605 0.156357 0.173295 0.2628656 
2 0.2594791 1.458658e-06 0.06784128 0.08668907 0.1989277 1.732838e-06 0.0679478 0.08707455 0.1990811 
3 0.2604895 0.03641749 0.1499929 0.1662989 0.2230819 0.0391155 0.1518019 0.1663214 0.2232299 
4 0.2618661 0.0001769047 0.09001499 0.1265899 0.1990657 0.0001765815 0.0897111 0.1254 0.1982042 
5 0.2654615 0.2038762 0.2473306 0.2452705 0.2703626 0.2022827 0.2463932 0.2467728 0.2709461 
6 0.2629148 0.04420088 0.1562806 0.1700211 0.2265763 0.04512206 0.1568729 0.1703073 0.2265828 
7 0.2654382 1.875072e-05 0.07600746 0.1108241 0.1899005 1.626924e-05 0.07573706 0.1116881 0.1901671 
8 0.2594684 0.0001186722 0.0898674 0.1316836 0.2089667 0.0001059598 0.08955646 0.1317924 0.2091532 
9 0.2633284 0.004899309 0.1152183 0.14583 0.2075934 0.005481687 0.1162428 0.1461059 0.2075835 
10 0.2648536 7.807379e-05 0.08405831 0.121068 0.1949287 9.755368e-05 0.08559569 0.1208693 0.194759 
11 0.2604489 0.2002439 0.245557 0.2458115 0.2709608 0.2032872 0.2472486 0.2461284 0.2709893 
12 0.2603486 0.07834271 0.2338449 0.2827866 0.3233478 3.48691e-06 0.1395212 0.290287 0.3296241 
13 0.2714671 0.00686223 0.1210766 0.1488912 0.2090916 0.006600558 0.1206297 0.1485285 0.2088642 
14 0.2682678 6.351932e-06 0.07004816 0.1025704 0.1835508 6.415212e-06 0.06959024 0.1028412 0.1837348 
15 0.2620749 0.0001248134 0.08726964 0.124142 0.1983078 0.0001187417 0.08711594 0.1250223 0.1987928 
16 0.2606922 0.01399882 0.1300583 0.1544816 0.2158052 0.0137119 0.1298452 0.1544459 0.2159182 
17 0.2660169 0.002013661 0.1072962 0.1393881 0.2042256 0.001893393 0.1067792 0.1399382 0.2047543 
18 0.2627301 1.881445e-07 0.04990765 0.05854999 0.1659389 3.401152e-07 0.05026104 0.05826867 0.1657704 
19 0.2640038 1.235582e-07 0.0473749 0.004755388 0.1848195 1.110387e-07 0.04756909 0.004888851 0.1853192 
20 0.2637265 0.01903656 0.1360099 0.1578024 0.2172385 0.01880947 0.1355321 0.1575989 0.2171676 
21 0.2640061 9.310514e-08 0.05179661 0.05902339 0.1725163 9.005206e-08 0.0514453 0.05956273 0.1732158 
22 0.2601079 0.1860555 0.2383461 0.2368143 0.2684035 0.1842814 0.2370075 0.2376231 0.2687046 
23 0.2711372 0.01459271 0.1330567 0.1587101 0.2170654 0.01563626 0.1342954 0.1582279 0.2167334 
24 0.2601605 0.1142812 0.1969826 0.196433 0.2453362 0.1139734 0.1967237 0.1966652 0.2454698 
25 0.2620156 3.832842e-07 0.06116592 0.07522765 0.1937666 7.581339e-07 0.06169369 0.07451015 0.1927742 
26 0.2663911 0.1746055 0.2299421 0.231258 0.2641481 0.1744642 0.2296219 0.230609 0.2636993 
27 0.2619163 2.738587e-08 0.07358882 0.05669793 0.2153237 1.36328e-08 0.07064659 0.04071727 0.2106573 
28 0.265332 7.950921e-08 0.04741587 0.05328594 0.1599959 9.193555e-08 0.04730565 0.05240397 0.159057 
29 0.2599728 1.21038e-05 0.0745228 0.1084863 0.1939232 1.250915e-05 0.07455009 0.1085365 0.1938699 
30 0.260128 3.666484e-07 0.05571147 0.06907435 0.1790262 3.250289e-07 0.05606162 0.06815081 0.1781903 
31 0.261549 6.699868e-07 0.05935667 0.07729267 0.1807809 3.859025e-07 0.05924039 0.07784087 0.1812462 
32 0.2615032 2.297512e-07 0.05371515 0.06631117 0.1702052 2.880667e-07 0.05314521 0.06658863 0.1705096 
33 0.2596116 6.427652e-07 0.06051005 0.07586309 0.1863545 6.344256e-07 0.06029962 0.07675045 0.1869044 
34 0.2628072 3.680751e-07 0.05271521 0.06651279 0.1666229 3.296713e-07 0.05216129 0.06623901 0.1664341 
35 0.2593758 2.445025e-08 0.07071858 0.03415799 0.2304141 2.276349e-07 0.07108607 0.03438719 0.2301356 
36 0.2749072 2.082319e-07 0.04371497 0.002563773 0.1708638 6.936973e-08 0.04355566 0.002531771 0.1705214 
37 0.2607157 5.77091e-07 0.05703989 0.07085424 0.1802022 3.262854e-07 0.056754 0.07045114 0.17998 
38 0.2643981 1.198428e-06 0.0678947 0.0859378 0.2079763 1.400119e-06 0.06944557 0.08602556 0.2082903 
39 0.260625 8.055872e-06 0.08018745 0.1102391 0.2299678 5.612658e-06 0.07848607 0.1051078 0.2266991 
40 0.259486 0.01787193 0.1609304 0.2447791 0.2909862 0.0203521 0.1643029 0.2500846 0.2946108 
41 0.2629446 5.409177e-08 0.07044999 0.02478118 0.2413154 2.147125e-08 0.08021139 0.02546128 0.2418663 
42 0.2668154 0.06748935 0.1708164 0.1789458 0.2303102 0.06987614 0.1720064 0.1786338 0.2298972 
43 0.2605678 0.1720495 0.2292726 0.229248 0.2649404 0.1798431 0.2343208 0.2293911 0.265088 
44 0.2626225 0.2291073 0.2604985 0.2537794 0.2754699 0.2405647 0.2648051 0.2595298 0.276497 
45 0.2703684 1.72327e-07 0.04248127 0.002096313 0.1668502 1.13775e-07 0.04245951 0.001993789 0.1662911 
46 0.2601939 2.584697e-05 0.07911272 0.118337 0.1979047 3.554131e-05 0.08070825 0.118846 0.1981729 
47 0.2604775 0.05976444 0.1642704 0.1737204 0.229547 0.06089157 0.1649649 0.1731647 0.2293083 
48 0.2620767 2.118716e-07 0.05461805 0.06597023 0.1781687 3.896249e-07 0.05481806 0.06581351 0.1782931 
49 0.2756593 0.1753383 0.2309047 0.229727 0.2631048 0.1768566 0.2318127 0.2312377 0.2639761 
50 0.2624339 0.0004002138 0.09434724 0.1315153 0.1992347 0.0004047885 0.09440016 0.1310421 0.1989218 
51 0.2672041 2.775447e-08 0.05306733 0.006790577 0.2056712 2.046329e-07 0.05327634 0.006753067 0.2056234 
52 0.2635499 6.85158e-08 0.05075565 0.006654998 0.1959846 1.341562e-07 0.05091418 0.006569656 0.1960339 
53 0.2620535 8.535751e-05 0.08442429 0.1236554 0.1970331 8.945229e-05 0.0848795 0.1222842 0.1963882 
54 0.2668672 0.05528185 0.2045117 0.2615177 0.3094844 0.04594248 0.1946304 0.2620187 0.3098418 
55 0.2610544 2.836783e-08 0.0626985 0.01788083 0.2302347 1.042962e-07 0.06772581 0.01575048 0.2277268 
56 0.2677677 0.08408787 0.1784657 0.1822824 0.2341335 0.08713599 0.1802151 0.1829256 0.2347211 
57 0.2665429 4.860614e-07 0.1018254 0.09806888 0.2360484 9.430718e-07 0.1035375 0.09687278 0.2356711 
58 0.2590397 0.002983281 0.1164785 0.1528507 0.2245199 0.003118118 0.1168873 0.1520163 0.2239833 
59 0.2650718 3.321224e-06 0.0677959 0.09902655 0.1851247 3.440818e-06 0.06761627 0.09917853 0.1851327 
60 0.2643302 0.07855275 0.1783093 0.1839607 0.2357908 0.07953762 0.1787512 0.1839408 0.2357931 
61 0.2600124 0.1156715 0.241124 0.2152517 0.2333794 0.1024684 0.2366218 0.2279553 0.2356877 
62 0.2594219 0.0235599 0.1399369 0.1613025 0.2223546 0.02689378 0.142559 0.1611165 0.222301 
63 0.2676061 6.015027e-06 0.1204096 0.1379654 0.2396867 2.321624e-06 0.1116356 0.1303802 0.2378253 
64 0.26645 0.0005886739 0.09723615 0.1320563 0.1998279 0.0006600468 0.09814327 0.1323715 0.1999775 
65 0.2591041 1.618797e-05 0.07967936 0.1140714 0.205688 1.270659e-05 0.07808237 0.1152521 0.2061987 
66 0.2657221 0.0358227 0.1521436 0.1685512 0.2257458 0.0375413 0.1536806 0.1679193 0.2253357 
67 0.2746758 1.322617e-07 0.04381997 0.0448635 0.1512884 4.237716e-08 0.04426604 0.04513251 0.1515359 
68 0.2592986 0.004363387 0.1154411 0.1473618 0.2117089 0.004661637 0.1161214 0.1465195 0.2112332 
69 0.2605322 0.0008649595 0.1009002 0.1372694 0.2055949 0.0007907777 0.100281 0.1364262 0.2051449 
70 0.260269 0.001072897 0.1035071 0.1392887 0.208356 0.0009470324 0.102345 0.140126 0.2086666 
71 0.2623877 1.422533e-06 0.06297733 0.08696041 0.1803956 1.564081e-06 0.06270207 0.08687165 0.1803186 
72 0.261541 6.740255e-07 0.05630899 0.07272016 0.1709913 6.939592e-07 0.0545355 0.0745365 0.1722198 
73 0.2688285 8.83992e-07 0.0602344 0.08576674 0.1766545 7.343446e-07 0.06035889 0.08589033 0.1767441 
74 0.2630847 5.081758e-06 0.06951032 0.1019611 0.1860702 6.635113e-06 0.0709008 0.1022016 0.1864781 
75 0.2626473 5.180802e-07 0.05916801 0.07160597 0.1880564 2.469052e-07 0.05884058 0.07086219 0.1871147 
76 0.2713809 2.459514e-07 0.05267448 0.0606419 0.1777513 5.818828e-07 0.0532665 0.05927222 0.1761489 
77 0.2625556 5.253206e-06 0.06985763 0.09948807 0.1869291 4.8085e-06 0.0691711 0.1007906 0.1875549 
78 0.2606385 1.221851e-07 0.05511798 0.01168398 0.2058846 6.95007e-08 0.05427891 0.01235764 0.2072439 
79 0.2612203 0.0002062985 0.09233524 0.1338867 0.2067429 0.000295239 0.09466224 0.1324121 0.2062072 
80 0.2646337 3.73248e-07 0.05050018 0.05673281 0.166739 1.087247e-07 0.05010701 0.05672835 0.1667995 
81 0.2669323 3.241347e-06 0.07313337 0.09482285 0.217961 4.7325e-06 0.07380433 0.09273839 0.2159436 
82 0.2599866 0.08845483 0.1834943 0.1844387 0.2399178 0.08721899 0.1829184 0.1855861 0.2407369 
83 0.2635344 1.579289e-07 0.05015127 0.05559046 0.1671962 2.591847e-07 0.04987487 0.055492 0.1670942 
84 0.2655724 6.917535e-08 0.05242873 0.006069782 0.199563 4.985223e-08 0.05210447 0.006324438 0.2008652 
85 0.2615198 0.0002003589 0.1571082 0.18437 0.2650847 0.0001681133 0.1553911 0.1809738 0.2633731 
86 0.2598864 3.637409e-06 0.06971612 0.09845538 0.1911387 3.686962e-06 0.06978172 0.0988423 0.1915911 
87 0.2597871 0.1225155 0.2006981 0.1973116 0.2471315 0.1259681 0.2024825 0.1971773 0.2469353 
88 0.2611309 9.812365e-08 0.05405673 0.06396208 0.1765213 9.300743e-08 0.0543309 0.06464323 0.1771564 
89 0.2605798 1.632658e-07 0.05393605 0.06502528 0.1729509 2.503426e-07 0.05353077 0.06574739 0.1735213 
90 0.264444 0.2239126 0.2579254 0.2567144 0.2759248 0.2217024 0.2569106 0.2568269 0.2760508 
91 0.259276 3.265408e-05 0.08250911 0.1239779 0.2079909 2.813768e-05 0.0816454 0.1241397 0.2084007 
92 0.2726364 2.076196e-08 0.04534479 0.002878628 0.1761431 4.944356e-08 0.04510078 0.002953599 0.1764502 
93 0.2681447 0.005438095 0.1407601 0.2349093 0.2895135 0.008791221 0.1485537 0.2346203 0.2892472 
94 0.2635938 2.112111e-07 0.05556145 0.07343356 0.1746926 1.486433e-07 0.05569443 0.07257389 0.1737476 
95 0.2592833 6.477705e-07 0.1010856 0.1000756 0.2538776 1.474923e-06 0.1094634 0.09072744 0.2528078 
96 0.2703045 2.84234e-05 0.1392375 0.1681806 0.259106 3.589e-05 0.1413972 0.165575 0.2562589 
97 0.2595518 2.52138e-06 0.06948052 0.09055011 0.200951 3.413164e-06 0.06975781 0.09145998 0.201738 
98 0.2643242 0.00276595 0.1096918 0.1419842 0.2049202 0.00315072 0.1107964 0.1424331 0.2052781 
99 0.2620997 0.00114577 0.1025291 0.1377949 0.2044174 0.001165393 0.1027491 0.1371633 0.2038981 
100 0.264925 1.081304e-07 0.05409938 0.06161978 0.1776533 4.072912e-07 0.05375346 0.06104457 0.1770287 
