1 0.4257423 0.9995025 0.7350823 0.4809066 0.4125702 0.9991475 0.7082953 0.570628 0.4111173 
2 0.4315609 0.9998873 0.9458514 0.8104775 0.3856164 0.9998876 0.9456091 0.8093207 0.3857875 
3 0.4318076 0.942167 0.80185 0.3912773 0.3480665 0.9385345 0.7986244 0.3910751 0.3472134 
4 0.4275805 0.9994885 0.8989308 0.636738 0.3523835 0.9995055 0.8993231 0.656879 0.3534916 
5 0.5895623 0.3515715 0.3459167 0.267945 0.2802309 0.3550284 0.3483868 0.2663659 0.2778461 
6 0.4221766 0.9313517 0.7795957 0.3904936 0.3364512 0.9298941 0.7782292 0.3895356 0.3360927 
7 0.4248679 0.999856 0.915269 0.7669555 0.3547498 0.9998577 0.9154716 0.7649402 0.3548201 
8 0.4178626 0.9996578 0.9146212 0.5403246 0.3646496 0.999667 0.9148977 0.5426912 0.36474 
9 0.4268928 0.9874036 0.8567662 0.4203114 0.3478246 0.9862276 0.8552782 0.4190382 0.3481134 
10 0.4255859 0.9997457 0.903536 0.7163878 0.3519279 0.9996923 0.9016318 0.7181245 0.3522392 
11 0.7776121 0.3608007 0.3741 0.2684106 0.3014264 0.3529692 0.3693749 0.2682257 0.3012594 
12 0.4270687 0.8135432 0.3684108 0.3268163 0.3851511 0.9998537 0.8644197 0.3269896 0.3852606 
13 0.4227805 0.9833568 0.8376633 0.5263896 0.3565298 0.983888 0.8384181 0.5282211 0.3563869 
14 0.4251083 0.999875 0.921695 0.7840576 0.3589553 0.9998753 0.9220743 0.7833641 0.3588303 
15 0.4260089 0.999623 0.9041847 0.6527026 0.3550997 0.9996277 0.9043533 0.6299072 0.3547566 
16 0.425965 0.9713235 0.8375543 0.3886478 0.344573 0.9717305 0.838124 0.3891726 0.3444996 
17 0.4242367 0.9945047 0.8657149 0.4906985 0.3460572 0.994818 0.8664061 0.4818848 0.3454695 
18 0.427406 0.9998861 0.9533444 0.9029104 0.38838 0.9998851 0.9529087 0.9033202 0.3883783 
19 0.429932 0.9998833 0.9615472 0.9782791 0.6933434 0.9998833 0.9613069 0.9777141 0.6903412 
20 0.4235876 0.9641738 0.8178342 0.4151261 0.3402084 0.9645257 0.8187989 0.4147335 0.3402226 
21 0.4278104 0.999887 0.9534469 0.898275 0.3859647 0.9998874 0.9538257 0.8968275 0.3853671 
22 0.8447927 0.3981326 0.392045 0.2755965 0.3042655 0.4035801 0.3958342 0.2746275 0.3041507 
23 0.4201504 0.9703102 0.8158004 0.4857113 0.352451 0.9687647 0.8132474 0.4831351 0.3528372 
24 0.4292624 0.7587274 0.5584909 0.3324701 0.3384118 0.7592091 0.5564437 0.3317777 0.3378029 
25 0.4304153 0.99988 0.9477959 0.841735 0.3825228 0.9998787 0.947231 0.8443802 0.3828187 
26 0.3595465 0.4367797 0.386774 0.2814855 0.2910234 0.4368932 0.3880807 0.2822881 0.2920185 
27 0.4344364 0.9998829 0.9181719 0.849637 0.3777693 0.9998835 0.9233896 0.8819162 0.3659184 
28 0.4281577 0.9998871 0.9545295 0.9141174 0.3935238 0.9998864 0.9546891 0.9157829 0.3950417 
29 0.4301042 0.99987 0.9277474 0.7759615 0.3665534 0.9998703 0.9277103 0.7759177 0.3665021 
30 0.4317888 0.9998839 0.9531616 0.8711494 0.3875691 0.9998839 0.9529271 0.8743857 0.3879636 
31 0.4269568 0.9998922 0.9444105 0.8477775 0.3748563 0.9998922 0.9445745 0.8460422 0.3746787 
32 0.4303143 0.9998782 0.9500985 0.8821666 0.3851151 0.9998788 0.9505973 0.8816194 0.384749 
33 0.4293889 0.9998958 0.9499352 0.8494327 0.3848006 0.9998968 0.9501519 0.8464584 0.3847368 
34 0.428541 0.9998852 0.9484423 0.8847249 0.3859898 0.9998845 0.949087 0.8855988 0.3864764 
35 0.4202718 0.9998842 0.9476963 0.8955111 0.3643455 0.9998842 0.9481484 0.8948363 0.3646348 
36 0.4169584 0.999886 0.9602042 0.9875735 0.7379137 0.9998857 0.9602718 0.9877227 0.7393439 
37 0.4331003 0.9998847 0.9513257 0.8640077 0.3863012 0.999884 0.9516333 0.8654577 0.3860135 
38 0.4272753 0.9998917 0.9394165 0.804607 0.3770016 0.9998899 0.937666 0.804336 0.3767874 
39 0.4280916 0.9998717 0.9268426 0.7495831 0.3831172 0.999875 0.9301117 0.7581591 0.3829354 
40 0.4274031 0.965625 0.3937157 0.3250482 0.3890673 0.9622564 0.3914215 0.325098 0.3895316 
41 0.4246752 0.9998828 0.9534486 0.9173702 0.3467008 0.9998831 0.9465292 0.9157519 0.3474531 
42 0.4262008 0.8873789 0.7447986 0.3905389 0.3536681 0.8811048 0.7416294 0.3921169 0.3546886 
43 0.9189838 0.4428758 0.3944187 0.2778971 0.2951529 0.413004 0.381294 0.2780298 0.2955435 
44 0.9355668 0.3034306 0.2923034 0.253313 0.2615268 0.289359 0.2752853 0.2485151 0.2584052 
45 0.4281488 0.9998795 0.9637939 0.9897619 0.7569727 0.9998799 0.9638077 0.9902589 0.7594578 
46 0.4287752 0.9998402 0.9217223 0.7513095 0.3639227 0.9998236 0.919413 0.7493184 0.3639534 
47 0.4206822 0.9037049 0.7512843 0.3602024 0.3371823 0.9014191 0.749584 0.3616853 0.3370831 
48 0.429856 0.9998826 0.9519206 0.878434 0.3841897 0.9998829 0.9518052 0.8785126 0.3841341 
49 0.4151205 0.446972 0.4028801 0.2984168 0.324148 0.4409239 0.4008133 0.297348 0.3231971 
50 0.4311941 0.9989331 0.8911402 0.5584317 0.3551616 0.998928 0.8912485 0.5667248 0.3557867 
51 0.425232 0.9998828 0.9637653 0.9702932 0.6072209 0.9998839 0.9637228 0.9703569 0.6081722 
52 0.427644 0.9998749 0.9599116 0.9707498 0.6468994 0.9998756 0.9596744 0.9709248 0.6471298 
53 0.4283788 0.9997327 0.9089848 0.6676102 0.3578312 0.9997228 0.9085134 0.6911927 0.3583325 
54 0.4252073 0.8991348 0.3677902 0.327985 0.3764947 0.9216379 0.3709084 0.3282302 0.3764721 
55 0.4266931 0.9998826 0.9581907 0.9352059 0.362321 0.9998826 0.9554946 0.9412512 0.4021809 
56 0.4038064 0.8348817 0.5505365 0.347115 0.3223298 0.8253135 0.5446016 0.3460972 0.3215711 
57 0.4251128 0.9998722 0.8582274 0.7718913 0.396312 0.9998699 0.8542586 0.7740129 0.3961742 
58 0.6504609 0.9919147 0.8803107 0.3347228 0.3557308 0.9915396 0.8797573 0.3369527 0.3560252 
59 0.4267086 0.9998707 0.9284208 0.792468 0.362245 0.9998707 0.9286567 0.7922755 0.3624006 
60 0.4245335 0.8578714 0.7269833 0.3759299 0.3468703 0.8545701 0.7246389 0.3759768 0.3480477 
61 0.4347179 0.7363745 0.4024389 0.3915903 0.4288404 0.7608784 0.3996043 0.3911557 0.4238562 
62 0.4311134 0.9587124 0.8306784 0.3548976 0.3507941 0.95447 0.8247992 0.3538993 0.3510353 
63 0.4312096 0.9998509 0.8089084 0.7007634 0.4058779 0.9998734 0.8311826 0.7140791 0.4047324 
64 0.4248673 0.9984661 0.8813371 0.5817362 0.3494978 0.998242 0.8802475 0.5827633 0.3492274 
65 0.431696 0.9998496 0.9365368 0.7659535 0.3808234 0.9998597 0.9382288 0.7643292 0.3805624 
66 0.4202195 0.9429896 0.7839818 0.4207325 0.3418329 0.940701 0.7808923 0.4239543 0.342165 
67 0.4186811 0.9998941 0.9555123 0.9293609 0.4063337 0.9998941 0.9551038 0.928816 0.4056202 
68 0.436641 0.9885407 0.8740848 0.3903875 0.359255 0.987901 0.8730231 0.3917494 0.3592135 
69 0.4255402 0.9976528 0.8871991 0.418652 0.3534447 0.9978421 0.887946 0.4261993 0.353825 
70 0.4242056 0.9970506 0.8862156 0.405967 0.3527624 0.9974273 0.8876782 0.4015787 0.3526148 
71 0.4287554 0.9998801 0.9363083 0.8209671 0.3683439 0.9998804 0.9367092 0.8213067 0.3685095 
72 0.4298475 0.9998839 0.9455963 0.8673322 0.3825048 0.9998848 0.9475477 0.8619414 0.3806372 
73 0.4228712 0.9998755 0.9342746 0.8248315 0.364186 0.9998751 0.9340892 0.824391 0.3644279 
74 0.4268447 0.9998746 0.9255529 0.7849053 0.360192 0.9998734 0.9240116 0.7843958 0.3598945 
75 0.4254272 0.9998734 0.9475969 0.8596174 0.3784839 0.999873 0.9480438 0.8623483 0.3789356 
76 0.4214844 0.9998764 0.9519461 0.8925797 0.3811272 0.9998761 0.9515227 0.8964863 0.381912 
77 0.427772 0.999873 0.9277956 0.7914311 0.3637977 0.9998739 0.9284775 0.7889438 0.3626514 
78 0.4337495 0.9998926 0.9542223 0.9529946 0.5702207 0.9998923 0.9557149 0.9508697 0.5571659 
79 0.4077802 0.9994431 0.9006082 0.4301718 0.3509291 0.9992198 0.8964989 0.4462933 0.3513114 
80 0.4281077 0.9998863 0.9532803 0.9053805 0.386889 0.999886 0.9535801 0.9053774 0.3869297 
81 0.427211 0.9998794 0.9319524 0.7816232 0.3762192 0.9998785 0.9309178 0.7860404 0.3766989 
82 0.3574238 0.8204832 0.570232 0.328483 0.3236716 0.8242254 0.5727336 0.325991 0.3228177 
83 0.4270885 0.999874 0.9546036 0.9081454 0.3883446 0.9998747 0.9549024 0.9084947 0.3886473 
84 0.4276467 0.9998788 0.9626833 0.9729273 0.6370002 0.9998799 0.9627277 0.9718393 0.6296586 
85 0.431616 0.9989564 0.7096027 0.5003066 0.4150237 0.9990656 0.7158875 0.5208157 0.4146342 
86 0.4305917 0.9998698 0.9350188 0.7927997 0.3720279 0.9998698 0.9350114 0.7921295 0.3715996 
87 0.8934192 0.7359364 0.4717196 0.3125579 0.3266765 0.7013526 0.467327 0.3133269 0.3272028 
88 0.4281236 0.9998829 0.9528899 0.8871138 0.3853444 0.9998829 0.9527411 0.8852389 0.3848806 
89 0.433134 0.9998782 0.9531348 0.8840361 0.3885507 0.9998782 0.9534624 0.8819394 0.388253 
90 0.9088255 0.3132574 0.3199509 0.2585669 0.2657227 0.3166501 0.3230378 0.2585516 0.2652468 
91 0.4324352 0.9998307 0.9321259 0.748997 0.3836904 0.999842 0.9339946 0.7488124 0.3837454 
92 0.419938 0.9998768 0.9608906 0.9861436 0.7274221 0.9998758 0.9608604 0.9857515 0.7249815 
93 0.423792 0.9862879 0.4076192 0.3288425 0.3758312 0.9796694 0.3979283 0.3287789 0.3755942 
94 0.426151 0.9998967 0.9456686 0.8611126 0.3747401 0.9998967 0.9454303 0.8639383 0.3755273 
95 0.4367807 0.9998803 0.9135959 0.7661153 0.4107106 0.9998718 0.894995 0.7824663 0.408237 
96 0.4219474 0.9997135 0.7564308 0.5993471 0.4103514 0.9996857 0.7499937 0.6234616 0.4094477 
97 0.4344315 0.9998744 0.9451846 0.799013 0.3882126 0.9998739 0.9453261 0.7967919 0.387978 
98 0.4278678 0.992417 0.8639463 0.4545444 0.3493608 0.9914211 0.8621887 0.4503078 0.3491294 
99 0.4279377 0.9968677 0.8793623 0.4451106 0.3497143 0.9968199 0.8792945 0.450868 0.3502789 
100 0.4280321 0.9998757 0.9519928 0.8896903 0.3844895 0.9998757 0.9523784 0.8914011 0.3847521 
