1 45.456 104.263 87.493 107.712 82.623 
2 43.765 106.502 83.937 102.884 80.789 
3 50.257 107.112 84.265 111.645 80.807 
4 49.892 107.298 83.28 104.632 79.187 
5 43.753 105.744 83.945 109.74 79.354 
6 46.005 109.351 80.23 103.995 81.516 
7 43.596 105.051 82.869 104.55 81.032 
8 43.909 104.314 81.093 109.03 80.948 
9 45.542 105.025 78.984 99.607 79.254 
10 44.471 103.673 82.622 100.393 77.825 
11 43.404 101.4 78.577 99.769 77.664 
12 42.89 101.101 78.184 98.475 76.952 
13 42.814 103.251 81.045 101.511 77.493 
14 44.347 107.766 84.016 104.411 82.181 
15 44.558 103.805 80.484 101.87 79.991 
16 43.697 103.037 78.846 99.388 78.031 
17 43.726 103.13 79.246 99.742 77.934 
18 43.939 101.272 79.192 98.869 77.924 
19 43.869 100.906 79.947 99.414 77.88 
20 43.354 101.057 79.095 99.596 78.162 
21 43.566 100.4 78.492 99.436 77.925 
22 43.227 101.543 78.967 101.113 80.392 
23 46.122 107.306 85.299 106.635 83.232 
24 45.937 101.026 79.347 99.607 78.008 
25 43.178 100.346 79.08 99.123 77.971 
26 43.959 101.455 78.87 99.854 78.346 
27 44.051 100.901 79.282 98.927 78.033 
28 44.063 101.346 78.926 99.501 78.151 
29 44.082 100.636 79.051 100.538 78.131 
30 43.375 100.679 78.405 98.995 77.157 
31 43.866 100.12 78.579 99.098 77.296 
32 43.145 100.427 78.486 99.051 77.85 
33 44.081 100.897 78.288 98.847 77.207 
34 43.91 100.508 78.744 98.893 78.053 
35 44.117 100.145 79.207 99.191 77.859 
36 43.157 100.73 78.883 99.537 76.975 
37 44.103 100.18 78.081 99.207 77.638 
38 44.082 101.224 78.136 99.157 77.465 
39 44.113 100.332 79.22 98.433 77.779 
40 44.288 100.884 78.739 99.058 78.844 
41 43.544 100.753 80.077 99.343 77.385 
42 43.879 101.628 79.332 99.022 77.857 
43 43.872 101.082 78.495 99.518 77.351 
44 44.173 101.891 78.706 100.424 77.318 
45 43.801 100.855 78.351 99.098 77.573 
46 44.094 101.666 79.571 99.383 78.158 
47 43.817 101.452 78.79 99.242 77.844 
48 43.694 100.684 79.835 100.196 77.704 
49 44.061 101.065 79.133 98.826 78.083 
50 43.443 100.999 78.893 100.346 78.579 
51 43.144 101.139 78.397 99.468 78.284 
52 43.369 100.906 78.547 98.951 77.526 
53 43.783 100.622 79.452 99.304 78.455 
54 43.365 100.699 78.914 99.051 77.431 
55 43.929 101.504 78.875 99.543 77.051 
56 43.317 100.661 79.19 99.251 77.361 
57 43.333 100.781 79.369 98.876 77.707 
58 43.484 100.551 78.82 99.195 77.504 
59 43.782 100.488 79.303 98.839 78.132 
60 43.444 101.841 79.006 99.368 78.062 
61 43.906 100.667 79.724 100.388 78.206 
62 43.372 100.919 79.203 99.678 77.791 
63 43.55 101.071 79.849 99.382 77.857 
64 44.076 100.955 78.642 99.329 77.93 
65 43.982 101.17 79.35 99 77.921 
66 43.891 101.138 79.142 99.286 78.427 
67 43.79 100.267 78.743 98.796 77.316 
68 44.087 100.977 79.285 99.55 77.851 
69 43.401 101.21 79.456 99.006 77.732 
70 43.979 101.296 78.986 99.657 77.758 
71 43.461 100.495 78.993 99.579 78.031 
72 43.958 100.653 79.407 99.306 77.611 
73 43.271 100.553 79 98.831 77.742 
74 43.618 100.815 78.597 100.208 77.785 
75 44.114 101.161 78.497 99.02 77.732 
76 43.141 100.671 79.106 99.572 77.65 
77 43.995 101.008 79.474 99.595 77.778 
78 43.307 101.101 79.456 99.357 77.971 
79 43.979 101.443 78.802 99.302 77.884 
80 44.045 100.444 79.03 101.3 77.654 
81 43.698 100.965 79.239 98.9 77.76 
82 44.003 100.44 78.582 99.362 77.268 
83 44.143 100.977 78.729 100.233 78.135 
84 44.378 101.824 78.942 99.832 78.721 
85 43.329 101.375 78.885 99.557 77.506 
86 43.402 101.018 79.378 99.369 77.566 
87 43.326 101.228 78.621 100.544 78.134 
88 43.857 100.556 78.614 99.153 77.279 
89 43.545 101.439 78.84 99.515 77.912 
90 44.005 101.248 79.01 99.112 77.862 
91 43.691 101.121 79.005 98.556 77.811 
92 43.895 100.215 78.543 99.389 78.097 
93 44.085 100.4 79.349 99.334 77.921 
94 43.962 101.559 78.882 99.633 78.44 
95 43.492 100.67 79.159 99.723 78.187 
96 43.971 100.859 79.33 99.546 77.61 
97 44.119 100.651 79.013 99.08 77.517 
98 43.049 101.933 79.565 99.353 78.264 
99 44.038 101.329 78.814 99.737 77.851 
100 44.212 101.005 79.062 100.653 77.573 
