1 352271.2 1469851 739154.9 1156363 600773.9 1469859 741482.1 1149554 597393.2 
2 418455.9 1457087 685239.8 734311.5 600573.5 1447308 679722.1 743590 600015 
3 118979.2 1468795 690744.3 1037936 565287.6 1468694 686906.5 1028159 565470.8 
4 298156.1 1471783 760380.9 1187456 580574.4 1471785 777528.1 1210960 582974 
5 210432.5 1471442 765204.6 1208257 566218.7 1471438 758206.6 1206215 565505 
6 134792.3 1471388 802473.8 1293253 563705.3 1471389 798542.4 1299238 561413.2 
7 454719.7 1463849 691886.8 899402.3 604758.4 1468321 702125.5 908679.6 604677.9 
8 330892.5 1470525 759511.9 1186556 595813.2 1470527 760887.6 1190131 597209.9 
9 294655.4 1469635 815199.7 1261814 591500 1469635 815183.9 1266460 594293 
10 307315.1 1473698 772378.4 1203098 594079 1473701 775669.6 1202806 594834.5 
11 401579.7 1469753 721171.6 1097854 603867.6 1469857 723536.2 1098382 602870.5 
12 234400.1 1470697 727668.5 1161950 574291.3 1470715 732645.2 1167588 575018.3 
13 262761.7 1377025 620196.9 749849.6 558738.8 1386261 620340.4 776376.9 559045.8 
14 133589.8 1450445 661214.9 745931.6 567536.8 1448186 661382.8 761681.6 567277 
15 296542 1472000 837784.5 1389172 613431.4 1471999 822460.4 1399930 617912.1 
16 199807.9 1281311 648219.9 687787.3 581135.9 1274296 648419.1 688496.2 581347.5 
17 24675.65 1464356 640958 949822.2 512946.7 1456470 634331.8 867276.4 511448 
18 150511.4 1470145 733810.6 1166625 560305.4 1470137 730582.2 1168758 562146.6 
19 283384.7 1471314 767145.5 1187783 588690.5 1471306 764639.9 1188289 587427.3 
20 296231.4 1468481 662350.1 1012969 560999.6 1466090 654152.3 1001461 560765.1 
21 362321.4 707139.8 641948.7 680773 589851.7 723047.9 641661.7 680596 589678.7 
22 139697.2 1468892 685488.9 988629.4 572538 1469612 688558.7 1005428 571350.4 
23 209708.1 1466290 683132.4 941623.6 578793.8 1467891 688052.8 951009.4 578771 
24 250115.2 1470657 866407.9 1395728 605511.5 1470659 860394.7 1411190 611018.7 
25 94887 1470554 704369 1158207 529613.2 1470563 701553.7 1165410 530444.9 
26 187861.7 1225846 641572.7 685847.8 577415.7 1235918 642623.1 686239 578816.7 
27 101475.4 1254283 630327.5 774307.9 533341.7 1209758 624360 969000 535651.6 
28 223379.1 1472319 734009.1 1164174 581051.5 1472335 739922 1165395 581825.1 
29 152722.1 1470390 736124.5 1182170 560587.5 1470402 736859.7 1186743 560543 
30 303655.8 1457735 680745.7 759592.6 591080.2 1458861 681204.3 755126.7 588852.7 
31 209060.5 688736 636927 682147.6 582007.4 689154.8 636605.2 681511.3 580778.3 
32 308047.3 1472722 736591.1 1150210 593387 1472696 732624.3 1153849 592427.6 
33 59841.25 1470091 681961.5 1088605 535418.6 1470119 683414.7 1093012 537290.5 
34 267490.5 1471366 807599.8 1217684 571311.6 1471370 797571 1168459 566601.6 
35 207264 1471527 698466.3 993415.3 579352.3 1471170 696845.9 1018592 578900.8 
36 191058.5 683592.4 633370.4 679404.4 578649.9 683738.4 634178.8 679158.5 579647.5 
37 486308.1 1169460 651205.2 684091.7 602696.8 1165872 651087.1 684071.2 602001.5 
38 408126.3 1471142 772084.7 1194512 611052.7 1471159 779091.7 1197625 611759.4 
39 322644.7 1470379 684926.4 1079055 574162.4 1470778 694831.1 1087026 574713 
40 468778.8 1471349 746709.2 1159703 612453.7 1471388 758537.3 1162942 611554.5 
41 343916.2 1468877 772008.4 1194525 597876.6 1468877 772242.3 1193905 597277.2 
42 81667.82 1222098 633061.3 685180.1 560914.9 1213919 631292.3 685396 560715 
43 236318.6 1471814 747637.7 1183823 566194.5 1471806 742590.9 1182896 565950.2 
44 251583.1 1472355 738573.1 1173010 584818.6 1472381 751774 1175859 586239.1 
45 35714.34 1431757 607449.9 803258 511182.4 1445109 612349.7 786999.7 510523.9 
46 234189.9 1470441 703596.6 1073697 583762.1 1470761 712844.9 1074059 583469.6 
47 228451.4 1465696 686428.9 942038.2 579593.5 1466378 688075.4 954997.2 580647.4 
48 416777.1 1470322 719255.5 1082491 603603.7 1470423 722407.8 1085471 602531.4 
49 231007.3 1470340 717168.8 1142991 562163 1470329 712601.3 1147268 564240.7 
50 98520.79 1471148 688788.3 1064709 557237 1470391 679979.1 1064999 559594.4 
51 283259.9 1472468 744433.8 1177279 578350.3 1472475 749811.1 1181596 578525.8 
52 93935.81 1470320 682754.4 1090556 537639.1 1470365 685565.3 1093947 539757.7 
53 278880.1 1472167 751597.7 1188500 577686.4 1472164 750315 1187401 577486.1 
54 280365.7 1472689 696063.6 1022110 586948.6 1472942 699123.1 1012229 584757.7 
55 307986.6 1470987 745418.2 1173465 594601.8 1470996 755121.3 1168447 593680.7 
56 251823.9 1278244 610620.8 723573.3 553082.8 1275500 608171.7 688132.2 552333.8 
57 278912.6 1470448 710496.4 1049878 589266 1469860 702430.8 1057725 588479.7 
58 87854.39 1471929 673834.1 1046037 537876.4 1471726 669435.7 1047696 538174.8 
59 58005.78 1467442 649049.4 919123.9 531627.7 1466302 644977.7 943413.7 531943.8 
60 107047.8 1471857 676448.7 1107410 536780.6 1471887 682785.6 1100643 536726.7 
61 197310 1472456 722679.1 1151656 570039.8 1472462 726534.8 1146321 569848.4 
62 104413.3 683976.7 626831.8 677981.8 564792.2 684963.4 627269.1 678121.2 564395.5 
63 341659.9 1470488 733878.7 1140782 596788.8 1470491 736196 1147622 597364.4 
64 298755.8 1470934 780319.1 1214710 593319.8 1470942 782064.4 1212129 592851.9 
65 298217.1 1374180 624546 690148.8 566605.9 1366524 623335.6 757142 564955.7 
66 426988 904359 645510.8 682202 595109.7 931727.2 646090.1 682309.9 596526.8 
67 220815.1 940185.8 640554.2 684268.3 583985.4 1075282 640130 684388.4 583001.7 
68 171181.3 1469378 691698 995158 576273.6 1469229 692714.9 995344.2 574623.3 
69 31493.33 827311.9 608287.2 681393.2 524933.1 777974.3 606536.5 681607.4 525104.2 
70 317073.3 1471378 900298.2 1442337 642573.1 1471384 891811.7 1438353 638332.9 
71 37246.47 1463828 648506.3 976281 522861.9 1462624 646106.1 992777.4 523374.3 
72 308657.9 1215488 646244.4 686018.6 585876.2 1214588 645297.2 686051 587379.9 
73 270324.3 1199542 643129.9 684336.1 584012.8 1193100 642995.7 684207.8 585528.5 
74 146586.5 1470438 718011.8 1160702 551090.6 1470441 715010.2 1161947 552491.5 
75 294668.8 1470116 670670.7 1032699 565899 1470953 679724.1 1051995 567225.9 
76 284475 1471989 735327.1 1176779 569381.8 1472004 743862.5 1180589 569551.4 
77 220363.2 1471815 734663.5 1172546 578929.7 1471816 738397 1163076 578272.9 
78 270421.7 1472195 760560.1 1200161 575360.3 1472178 759090.2 1202007 574955.4 
79 380394.7 1470406 721649.3 1069845 601752.4 1469863 712075 1052219 599665.9 
80 115047.4 1388790 651125.8 704438.2 568338.7 1384859 649600.3 702207.3 568615.1 
81 132027 1470002 759026.8 1190053 567269.6 1470010 754323.2 1192500 568830.1 
82 150968.3 1466267 679182.5 966220.1 570078.2 1467059 681552.9 958027.2 571132.2 
83 424240.2 1202706 650910.2 685653.8 596001.2 1202932 651385.8 685675.9 597715.7 
84 183361.2 1467482 781549.3 1277900 574498 1467482 778312.6 1290557 576567.5 
85 340480.1 1380200 662579.9 697548.2 594031.9 1389871 665363.2 696988.2 593242.3 
86 132367 1468273 682892.7 930158.2 568020.4 1468449 682711.7 920812 569485.4 
87 276413.5 1469954 811709.8 1242896 589694.8 1469958 793650.9 1244080 589701.9 
88 233320.7 1468430 687861.4 947964.8 584979.9 1469262 691139 924691.2 584961.7 
89 281912.5 1469271 703787.2 1120540 569013.1 1469282 707342.5 1120442 570309.1 
90 182302.2 1472098 701406.9 1083630 574318.8 1472128 703554.9 1083930 574440.5 
91 296982.9 1470853 764814.8 1197616 589127.8 1470858 768078.7 1199319 589078.2 
92 174436.8 1472821 715807.7 1162890 554730.5 1472791 710316.4 1160467 554104.1 
93 221967.3 1471684 719548.3 1154814 563139.5 1471679 719552.3 1156647 562867.8 
94 268758.6 1470943 764735.1 1197452 576889 1470937 768896.5 1199463 578164.1 
95 243722.6 1471005 692364.7 1058684 558856.1 1471153 703641.5 1105193 560057.5 
96 303507.6 1471443 735819 1161653 594238.6 1471449 743971.7 1159048 593088.9 
97 160039.6 1469447 684660.1 1006751 571813.2 1470425 691260.6 1023877 571787 
98 252086.5 1472389 732643.9 1172312 575056.4 1472402 741866.3 1176787 575386.8 
99 234178.7 1471058 733362.9 1150248 581739.4 1471080 732958.7 1138119 580691.6 
100 183525.8 1217109 641634.4 684709.4 577584.9 1204496 640900.7 684920.4 577537.8 
