1 525804.6 14450927 6418406 9103776 5191452 14308739 6382638 9720368 5189472 
2 219789.2 14664633 6170373 9821773 4769061 14664397 6172761 9806192 4766804 
3 272134.8 11624307 6072986 6839635 5209637 11548921 6065496 6839542 5212866 
4 340322.5 13899007 6320266 7024313 5343139 13913410 6323089 7039732 5343126 
5 501915.1 6828901 6176528 6787612 5480717 6830909 6180517 6786608 5484315 
6 378853.5 11352351 6172953 6835754 5396058 11309657 6173273 6835571 5399831 
7 524485 14435639 6493765 7651744 5478345 14446117 6499353 7602057 5475378 
8 213493.6 14042707 6054129 7201506 4890805 14056931 6060176 7206272 4885881 
9 405226.5 12594840 6237472 6870991 5398419 12548086 6231280 6869963 5397026 
10 479924.1 14164940 6434137 7113041 5471334 14096594 6416493 7117706 5468435 
11 269313.7 6829784 6013311 6785998 5191710 6826851 6013431 6785869 5191923 
12 271353.2 9900552 5802932 6792171 4884965 14687700 6241854 6791578 4886953 
13 827203.7 12451180 6348200 6865236 5616293 12467465 6348350 6865980 5619295 
14 707924.8 14572390 6598568 8194855 5553007 14578152 6608410 8191167 5547790 
15 338052.7 14020966 6316618 7113057 5321577 14026313 6317384 7094104 5322848 
16 277707.6 12167299 6107026 6853179 5231282 12175125 6104351 6853782 5234578 
17 531266.1 12979173 6326094 6896987 5506511 13004754 6330577 6894998 5500451 
18 398239.1 14707736 6861798 11090278 5287654 14707683 6857843 11094116 5292850 
19 515665.8 14712605 7852917 12793611 5414680 14712613 7845377 12778995 5409288 
20 422406.2 12038618 6217318 6853142 5442830 12042703 6219712 6853032 5436080 
21 505190.4 14704706 6780146 10967333 5252679 14704875 6786385 10944355 5254660 
22 249872.3 6837880 5987158 6785903 5136267 6839635 5980890 6785351 5137118 
23 794298.3 12138028 6327626 6853783 5622572 12107408 6326611 6854566 5622309 
24 253007 7103946 6009256 6816362 5149844 7112289 6012507 6816258 5151173 
25 365526.2 14698232 6458139 10193136 5110422 14696765 6448439 10224151 5113927 
26 548820.1 6857316 6198648 6794263 5513683 6858206 6198698 6794720 5511109 
27 369583.7 14710724 7099819 11476633 5114148 14710761 7163939 11652136 5141404 
28 584208.5 14700977 6973136 11250025 5397194 14701045 6975163 11276694 5397712 
29 244025.7 14524816 6304592 8237726 5099536 14526851 6306498 8241887 5101598 
30 252569 14698620 6529401 10593919 4970060 14698131 6519929 10637686 4970523 
31 321317.3 14703298 6606081 10282548 5233612 14703623 6607700 10259261 5230451 
32 336853.2 14703828 6718304 10767998 5231813 14704291 6734149 10765373 5232208 
33 228165.1 14698051 6387689 10329437 4884166 14698668 6389756 10293988 4874836 
34 392209.1 14703387 6812195 10822291 5346151 14703665 6825086 10835343 5349102 
35 207396.7 14704939 6770221 11082401 4559314 14704940 6753719 11088387 4558274 
36 1454580 14708149 8137206 13140046 5724835 14708150 8140309 13146281 5727479 
37 283372.5 14700700 6528974 10483489 5046336 14701012 6533462 10505450 5055014 
38 553916.4 14675735 6403546 9777798 5240987 14666880 6383916 9773986 5241223 
39 275148.8 14557337 6045184 9135152 4938954 14582672 6071223 9258265 4938708 
40 221057.4 12045311 5612841 6803596 4682531 11984299 5612533 6799683 4677826 
41 441464.8 14714710 7260937 11112295 5198342 14714682 7074476 11079248 5192362 
42 580169.9 9784054 6235210 6831354 5527174 9556530 6228949 6831598 5529305 
43 273584.6 6855330 6035155 6791596 5218289 6846133 6033584 6791505 5219418 
44 360902.7 6804457 6107151 6781447 5367427 6794050 6104104 6779563 5369569 
45 1048775 14710432 8147001 13248896 5664929 14710426 8151077 13275183 5669576 
46 254460 14393427 6266230 7590898 5129416 14338147 6258514 7573810 5127456 
47 262280.3 10634723 6043133 6828496 5188207 10555169 6043687 6828673 5187014 
48 386837.7 14706834 6660140 10683674 5186202 14706569 6653695 10681284 5182778 
49 1020902 6854930 6286602 6793767 5671724 6852763 6282955 6792619 5668687 
50 361827.9 13623285 6300329 6945574 5354954 13622456 6296793 6947826 5355169 
51 777180.4 14707688 7791838 12443542 5460633 14707690 7783136 12442882 5458393 
52 475620.8 14710516 7728227 12575549 5348441 14710517 7726827 12578310 5348138 
53 332591 14130402 6317734 7141973 5295775 14119281 6314859 7178226 5298677 
54 730501 10945317 5987660 6797373 5258421 11306769 5979734 6797273 5261705 
55 297242.6 14709310 7311215 11588660 5070571 14709307 7201879 11738520 5087611 
56 621848.2 8457978 6246246 6829841 5554463 8187712 6246512 6829340 5551690 
57 720414.2 14700549 6809266 10973762 5271409 14699707 6792612 10990408 5270596 
58 205984.3 12804291 5828961 6878573 4680215 12782015 5825521 6880906 4685135 
59 534833.8 14611835 6563120 8768766 5446314 14612460 6563895 8744270 5442423 
60 447443.8 8797867 6195261 6825662 5459842 8703628 6197219 6825681 5458912 
61 249906.1 11290270 5808806 6784388 4860940 11352567 5810175 6819110 4862866 
62 213591.9 11949307 5890942 6840769 4894459 11885949 5886535 6840766 4882366 
63 802331.8 14674424 6670369 10848004 5271315 14694511 6750840 10915891 5270959 
64 564193.6 13484707 6380943 6935544 5516335 13433885 6371613 6935756 5515385 
65 201048.3 14462432 5909570 8472391 4494581 14501049 5924605 8400564 4492299 
66 508060.7 11588088 6240038 6840952 5507360 11525087 6239407 6841446 5510854 
67 1279182 14705850 7182680 11495652 5585619 14705784 7167981 11490099 5589261 
68 220854 12647021 5966247 6871343 4921297 12620773 5964736 6874909 4929498 
69 285488.1 13321744 6186789 6925757 5227222 13354291 6193075 6931936 5226662 
70 249449 13236689 6130812 6917714 5139988 13290642 6139482 6908030 5145414 
71 370296.1 14676578 6598375 9682392 5343396 14678172 6599671 9681831 5340423 
72 312939.7 14700070 6684623 10553846 5262719 14703136 6727050 10470028 5259143 
73 754005.3 14679705 6758505 9680753 5561452 14679908 6758915 9664482 5552817 
74 405580.6 14593793 6535399 8387166 5403542 14572625 6516249 8384600 5397563 
75 399529.9 14701621 6568026 10428011 5192928 14702214 6571637 10462938 5193275 
76 1097248 14709114 6821779 10859538 5388803 14708796 6802235 10915883 5393818 
77 371733.8 14597034 6486460 8767664 5331578 14607682 6497810 8672218 5344391 
78 283522.9 14706530 7434743 12257603 5099908 14706528 7473453 12229889 5097716 
79 301165.8 13849605 6242855 6997937 5261412 13728778 6239088 7023890 5264562 
80 539466.8 14710264 6849679 11113373 5327150 14710525 6862540 11113478 5324605 
81 725141.4 14639235 6339299 9466826 5293757 14632390 6330210 9524008 5290717 
82 234939.8 8124696 5993443 6820727 5108673 8229804 5994318 6820217 5106021 
83 465815 14711848 6839748 11142081 5272358 14711934 6841723 11145687 5265699 
84 642931.8 14713982 7765276 12578184 5423798 14713982 7771489 12546637 5415382 
85 319441.3 14239323 6275457 9226126 5027197 14275495 6277188 9371315 5028245 
86 241331 14614949 6333025 9071181 5047476 14614756 6330716 9057896 5050563 
87 225141.7 6999670 5934289 6811449 5020168 6974611 5934407 6811446 5024305 
88 313069.4 14705234 6656662 10828918 5111296 14704831 6644194 10802898 5106795 
89 285573.7 14707354 6624507 10782517 5087039 14707822 6635081 10753424 5081266 
90 455295.1 6805569 6157233 6779003 5456330 6807533 6155616 6779015 5456042 
91 203707.7 14343687 5920031 7993153 4586300 14383267 5908044 8003885 4577819 
92 1250823 14710069 8065412 13079118 5648466 14710064 8069906 13064726 5652908 
93 843802.9 12542730 5963029 6821172 5290682 12340960 5962413 6821893 5294683 
94 452208.6 14696258 6742526 10441644 5369177 14695908 6744425 10483692 5374815 
95 198177.2 14706444 5921820 9572716 3991950 14701456 5841694 9628560 3984964 
96 1056095 14575274 6577382 10108981 5336026 14554935 6568171 10256557 5339309 
97 213355.2 14643484 6103651 9635902 4728423 14641058 6086945 9611750 4726909 
98 457391.7 12841612 6287424 6888760 5451420 12786716 6282202 6887318 5444295 
99 349910.3 13203671 6253475 6905404 5338089 13197879 6249585 6906976 5343302 
100 589631.4 14706702 6707882 10823124 5249613 14706828 6711875 10850010 5250086 
