1 0.2607592 3.636057e-06 0.04218836 0.04344791 0.1400249 2.490423e-06 0.0416033 0.04636493 0.141051 
2 0.252862 7.674117e-06 0.0683457 0.1062774 0.1800551 2.077118e-05 0.07288441 0.1043867 0.1786436 
3 0.2748987 2.570609e-06 0.05538752 0.0752913 0.1683098 6.342522e-07 0.05596362 0.07686815 0.1693683 
4 0.3171017 1.042623e-06 0.06933699 0.02810285 0.2109862 1.788674e-06 0.06185629 0.01748067 0.2074285 
5 0.2840201 3.105582e-07 0.03370193 0.01708115 0.1257599 3.636337e-07 0.03513344 0.01773261 0.1265108 
6 0.2740638 2.775307e-06 0.04689641 0.003740928 0.1840393 1.71787e-06 0.04771559 0.003210788 0.1833607 
7 0.2506206 3.266202e-06 0.0640057 0.08703699 0.169049 8.176995e-07 0.05853385 0.08617487 0.1676658 
8 0.2746079 4.113393e-07 0.03763082 0.02738777 0.1346541 1.029416e-06 0.03709589 0.02563979 0.1328154 
9 0.3098903 1.01725e-06 0.04831927 0.006490906 0.1879725 9.849362e-07 0.04826307 0.006028249 0.1854533 
10 0.2811469 5.215367e-07 0.03471553 0.02040804 0.1276109 9.55583e-07 0.03410432 0.02049974 0.127989 
11 0.2575036 2.118223e-06 0.04968937 0.06361446 0.1548763 5.768647e-07 0.04889784 0.06304359 0.1547592 
12 0.290446 1.697146e-06 0.04253264 0.03921 0.1449949 4.20048e-07 0.04146333 0.03690494 0.1427085 
13 0.2961399 0.0002817734 0.1069095 0.1853423 0.2620508 0.0002020941 0.1048112 0.1733176 0.2582693 
14 0.2779409 1.976346e-05 0.07310411 0.1118936 0.1882986 2.143042e-05 0.07383916 0.1099497 0.187709 
15 0.2938429 3.89536e-06 0.04486238 0.0004808452 0.1517433 2.155402e-06 0.0496994 0.0003598047 0.1461323 
16 0.2872428 0.002870439 0.1117292 0.1444766 0.2067725 0.003361963 0.1130805 0.1421957 0.2060228 
17 0.2605667 4.312646e-06 0.06626211 0.08857989 0.1782594 1.096383e-05 0.07125503 0.09885489 0.1838197 
18 0.2776842 2.208062e-06 0.04027929 0.03712381 0.1465858 1.096413e-06 0.04113438 0.03592329 0.1455045 
19 0.287125 3.743966e-07 0.03552198 0.02740503 0.1356282 3.017364e-06 0.03585734 0.02707081 0.1355798 
20 0.3017041 8.496461e-07 0.06617445 0.07401475 0.2015058 3.177898e-06 0.07112269 0.07696917 0.2055883 
21 0.2636188 0.1178582 0.1967892 0.1957132 0.2399415 0.1083433 0.1921118 0.1958266 0.2397197 
22 0.2778726 1.29082e-06 0.05925216 0.08138908 0.1693482 1.698638e-06 0.05735858 0.07929968 0.1679031 
23 0.2884182 4.908986e-06 0.06201815 0.08624147 0.1720228 1.598151e-06 0.05932596 0.08498155 0.1714146 
24 0.2923732 8.970253e-07 0.03397007 0.0004207328 0.1396468 4.673449e-07 0.03498973 0.0002704718 0.1353551 
25 0.2695349 1.359198e-06 0.04345377 0.0379324 0.1537992 5.498867e-07 0.04428191 0.03540822 0.1510667 
26 0.2817229 0.01076955 0.12668 0.1538412 0.2094293 0.008443104 0.1234244 0.1518863 0.2084546 
27 0.2707579 0.008098342 0.1933669 0.2256774 0.2425495 0.01876656 0.1994958 0.1863664 0.2586587 
28 0.2897459 3.97141e-07 0.04245724 0.0407623 0.1413328 1.283268e-06 0.04057791 0.04032339 0.141252 
29 0.2775507 3.907024e-06 0.03889739 0.02922756 0.1408307 4.36092e-06 0.03894126 0.02686319 0.1380651 
30 0.2715048 7.148666e-06 0.06858509 0.1033023 0.1801604 5.920132e-06 0.06817597 0.1048201 0.1817522 
31 0.280455 0.1629286 0.2228897 0.2162435 0.2521069 0.1609092 0.2210977 0.2250703 0.2574567 
32 0.2753438 4.25323e-06 0.0432355 0.0455069 0.1484141 3.381763e-06 0.04428241 0.04424548 0.1475045 
33 0.265322 2.15987e-06 0.05240787 0.06213143 0.1742135 2.320632e-06 0.05198633 0.06099235 0.1729378 
34 0.2996979 1.455916e-07 0.05185285 0.009550115 0.2220963 2.168466e-06 0.0551752 0.01641941 0.233404 
35 0.2891118 3.680363e-06 0.05397875 0.07967587 0.1675528 1.732559e-06 0.05532383 0.07583765 0.1638831 
36 0.2846908 0.2054296 0.2465807 0.2477967 0.2693197 0.2051986 0.2464514 0.2534221 0.2712921 
37 0.2363708 0.02975552 0.1447822 0.1650353 0.215302 0.03003712 0.1450978 0.1653313 0.2151712 
38 0.2658535 5.285102e-06 0.03589764 0.02392991 0.1273653 4.713787e-07 0.03422609 0.02221951 0.1261476 
39 0.2939036 4.216737e-07 0.05994729 0.0602629 0.1819642 1.301757e-06 0.05528128 0.05877093 0.1800665 
40 0.2451542 9.560357e-07 0.04163096 0.04237842 0.1388153 7.785342e-07 0.03893707 0.04080224 0.1377217 
41 0.2666752 1.129677e-06 0.03418834 0.02192026 0.1275282 2.324008e-07 0.03414362 0.02207204 0.1278771 
42 0.2716135 0.01178515 0.1278645 0.1541376 0.2124224 0.01434309 0.130433 0.1526487 0.2111411 
43 0.29002 2.711321e-06 0.03791653 0.02823444 0.1399407 2.032167e-06 0.03841031 0.02889512 0.1405034 
44 0.293564 5.41216e-07 0.04230339 0.03572531 0.1427156 6.771703e-07 0.03902257 0.03423707 0.1410388 
45 0.2610906 3.827295e-05 0.08969618 0.1510997 0.2402074 1.762793e-05 0.08441191 0.1571509 0.2423185 
46 0.2862624 1.005211e-06 0.05300301 0.06919568 0.1591692 2.398419e-06 0.04991591 0.06896573 0.1589058 
47 0.2812601 2.256286e-06 0.06067958 0.08767364 0.170925 3.629554e-06 0.05950308 0.08608848 0.169276 
48 0.2576799 1.263523e-06 0.05002762 0.06550622 0.1541167 5.509494e-07 0.04848871 0.06526824 0.1546734 
49 0.2898915 4.978341e-07 0.04403559 0.04495265 0.1527187 1.914174e-06 0.04535056 0.04347735 0.1510397 
50 0.2722379 3.072477e-06 0.05394181 0.0693742 0.1688833 2.215604e-06 0.05801433 0.06941189 0.169233 
51 0.2850807 2.076631e-06 0.03888543 0.03127889 0.1408142 3.169723e-07 0.03789312 0.0292567 0.1391664 
52 0.2692185 1.06608e-06 0.0519878 0.06001247 0.1735816 6.640603e-07 0.05162094 0.05961064 0.1726908 
53 0.288587 5.557079e-07 0.03758901 0.02624049 0.1361707 1.270197e-06 0.03786266 0.02689265 0.1368034 
54 0.2716476 2.101799e-06 0.05551823 0.07592852 0.1664629 5.23368e-07 0.05445563 0.07677786 0.1674934 
55 0.2789132 4.445221e-07 0.04117429 0.03553052 0.1407342 5.665104e-07 0.03866353 0.03769677 0.1421195 
56 0.2937408 0.003024826 0.1322923 0.1984003 0.2659814 0.003266751 0.1330505 0.221231 0.2792181 
57 0.279341 9.629709e-07 0.0517549 0.07278599 0.1637034 5.084025e-07 0.05504539 0.07091761 0.1621326 
58 0.2693297 2.552485e-07 0.0561661 0.07060065 0.1884873 3.903271e-07 0.05858614 0.07022011 0.1882666 
59 0.2650508 1.459772e-06 0.06774177 0.1045125 0.2175835 3.638307e-06 0.06946348 0.0961356 0.2096944 
60 0.2712161 5.706594e-07 0.05306305 0.05468546 0.1690753 7.134322e-07 0.05122201 0.05583806 0.1706915 
61 0.2840972 8.824803e-07 0.04444524 0.04433661 0.152407 7.452894e-07 0.0435952 0.04688374 0.1547729 
62 0.2760867 0.1730536 0.2295905 0.2260426 0.2603843 0.1665421 0.2246697 0.2235453 0.258988 
63 0.2690683 1.214411e-06 0.04433146 0.04833216 0.1483524 1.271137e-06 0.04339704 0.04574691 0.1465722 
64 0.2797568 8.768875e-07 0.03253537 0.01437786 0.1191871 1.478578e-06 0.03205027 0.01535999 0.1204585 
65 0.3014553 0.0002950864 0.1084938 0.2204273 0.2812558 0.0003549475 0.1103662 0.1836199 0.2631112 
66 0.2564068 0.07495363 0.173613 0.179769 0.2288177 0.07239802 0.1719536 0.1793369 0.2291257 
67 0.2850385 0.07807035 0.1737791 0.1754066 0.2291437 0.06019279 0.1637091 0.1733917 0.2275095 
68 0.2832939 2.081818e-06 0.05692557 0.08147086 0.1697699 3.415279e-06 0.05754475 0.08083289 0.1692824 
69 0.262021 0.08438608 0.1803325 0.1923937 0.2357103 0.09299701 0.1848327 0.1904091 0.2348914 
70 0.2945486 1.678792e-06 0.03061255 9.684358e-05 0.123715 6.679949e-07 0.03221852 0.0001327111 0.1261499 
71 0.2627119 2.120885e-06 0.06279393 0.08626691 0.1838695 2.399087e-06 0.0646591 0.0823553 0.1812377 
72 0.2607688 0.01416036 0.128208 0.1533163 0.2075013 0.01464786 0.1286079 0.1526077 0.2070208 
73 0.2756462 0.02013586 0.1370837 0.1578002 0.2149878 0.02303647 0.1387025 0.1588521 0.2155804 
74 0.2764208 1.068046e-06 0.04322439 0.03979756 0.1503548 1.355105e-06 0.0442272 0.03888799 0.1493083 
75 0.2923671 5.607167e-07 0.06323642 0.07130616 0.1937833 4.127482e-07 0.0590612 0.06632199 0.1874702 
76 0.2950524 5.831231e-07 0.04060304 0.03149097 0.1454159 1.562986e-06 0.0387061 0.03005498 0.1431727 
77 0.2892672 1.361036e-06 0.04119274 0.03570782 0.1395873 4.757831e-07 0.04053649 0.04057049 0.1432163 
78 0.2983398 1.03342e-07 0.03606406 0.02142939 0.1325521 1.490036e-06 0.03628833 0.02051203 0.1317059 
79 0.2657333 3.459488e-07 0.04978965 0.06980593 0.1592324 8.49573e-07 0.05381113 0.07294488 0.1613525 
80 0.2764339 0.0001712963 0.08891423 0.1208442 0.1915984 0.0002082884 0.09007166 0.1224692 0.193039 
81 0.2749281 1.492155e-06 0.03588517 0.02616233 0.1370798 4.836456e-07 0.03640016 0.0248334 0.1355879 
82 0.2798319 1.633933e-06 0.06333155 0.08604313 0.1777482 1.142977e-06 0.06225765 0.08836491 0.1789852 
83 0.2509037 0.01833282 0.1323879 0.1542649 0.2086995 0.01832638 0.1328394 0.1546432 0.2100226 
84 0.2801903 3.202049e-06 0.05553545 0.004920688 0.1763294 5.046787e-07 0.05708215 0.003978219 0.171768 
85 0.2665943 0.0002449744 0.09019858 0.1258264 0.1938697 0.0001863996 0.08872004 0.1264015 0.193502 
86 0.2778161 1.145053e-06 0.06008 0.08774501 0.1714862 1.87461e-06 0.05948293 0.08852687 0.1714473 
87 0.3018905 6.002869e-07 0.04898126 0.00966684 0.1919643 3.665754e-07 0.05433292 0.009470712 0.1911893 
88 0.2901408 2.126604e-06 0.06202717 0.08657392 0.1734938 1.25791e-06 0.06040365 0.08943669 0.176086 
89 0.3027778 2.967197e-07 0.05125974 0.05186364 0.1702129 9.810229e-07 0.05003588 0.05169322 0.1705007 
90 0.2829211 7.14334e-07 0.05245082 0.06550556 0.1643069 1.719659e-06 0.05176998 0.0657053 0.1645542 
91 0.2785168 2.650307e-07 0.03540934 0.02190569 0.1285192 5.10528e-07 0.03496214 0.02104678 0.1278196 
92 0.279428 2.563661e-07 0.04463882 0.03961411 0.1538392 2.448508e-07 0.04619012 0.04058769 0.1545108 
93 0.286146 5.408525e-07 0.04425678 0.04164074 0.1547382 1.395254e-06 0.0445282 0.0412002 0.1537048 
94 0.2969616 3.21075e-07 0.03550517 0.02170222 0.1328038 9.194027e-07 0.03462218 0.02080768 0.1315432 
95 0.2913113 3.691481e-06 0.05219213 0.06570583 0.1819671 3.232438e-06 0.048145 0.05562051 0.1691677 
96 0.2802849 7.553641e-07 0.04366572 0.0411264 0.1447641 2.354305e-06 0.04130057 0.04215525 0.1458385 
97 0.280808 1.974708e-06 0.05897882 0.07857301 0.1668832 1.782929e-06 0.05590604 0.0767108 0.1651418 
98 0.2925917 3.084888e-06 0.04352357 0.03551727 0.1499936 7.925192e-07 0.04069542 0.03313672 0.1474897 
99 0.2898593 9.487301e-07 0.04254526 0.04634301 0.1483674 2.294692e-06 0.04254174 0.0508409 0.1522494 
100 0.2862101 0.01369075 0.1300145 0.1583416 0.2144776 0.01856486 0.1353282 0.1568686 0.2139551 
