1 4.629 8.909 7.788 8.62 7.76 
2 4.639 8.721 7.351 8.584 7.806 
3 4.619 8.667 7.725 8.596 7.627 
4 4.578 8.63 7.734 8.533 7.656 
5 4.544 8.694 7.839 8.891 7.332 
6 4.829 8.947 7.344 8.893 7.361 
7 4.504 8.777 7.079 8.764 7.353 
8 4.688 8.983 7.284 8.797 7.159 
9 4.542 9.087 7.352 8.993 7.446 
10 4.794 9.618 7.434 8.858 7.459 
11 4.745 9.095 7.557 8.982 7.548 
12 4.762 8.148 7.621 8.511 7.343 
13 4.62 8.252 7.466 7.987 6.957 
14 4.338 7.82 7.32 7.971 6.994 
15 4.412 8.242 7.709 8.281 7.556 
16 4.431 8.454 7.595 8.231 7.135 
17 4.32 8.175 7.453 8.171 7.36 
18 4.346 8.306 7.402 8.202 7.315 
19 4.349 8.345 6.988 8.124 7.441 
20 4.357 8.225 7.648 8.22 7.483 
21 4.332 8.391 7.617 8.275 7.511 
22 4.352 8.37 7.136 8.033 7.432 
23 4.347 8.302 7.415 8.248 7.015 
24 4.337 8.538 7.033 8.493 6.921 
25 4.361 8.531 7.086 8.085 6.682 
26 4.334 8.527 7.097 8.63 6.787 
27 4.335 7.717 7.233 7.866 6.85 
28 4.385 7.697 7.236 7.884 6.841 
29 4.352 8.109 7.46 8.095 7.358 
30 4.314 8.077 7.436 8.169 7.3 
31 4.31 8.27 7.3 8.458 7.355 
32 4.331 8.174 7.608 8.103 7.491 
33 4.318 8.297 7.534 8.175 7.119 
34 4.27 8.139 7.586 8.187 7.297 
35 4.368 8.18 7.416 8.373 7.423 
36 4.392 8.232 7.722 8.195 7.534 
37 4.36 8.37 7.669 8.244 7.117 
38 4.392 8.159 7.42 8.151 7.311 
39 4.429 8.223 7.36 8.162 7.27 
40 4.301 8.229 6.943 8.06 7.375 
41 4.338 8.168 7.546 8.106 7.425 
42 4.321 8.338 7.566 8.117 7.424 
43 4.319 8.261 7.072 7.924 7.36 
44 4.308 8.214 7.325 8.179 7.226 
45 4.31 8.235 7.362 8.129 7.251 
46 4.292 8.209 7.43 8.13 7.268 
47 4.363 8.068 7.335 8.287 7.331 
48 4.305 8.097 7.662 8.15 7.529 
49 4.313 8.355 7.533 8.072 7.458 
50 4.388 8.235 7.528 8.13 7.262 
51 4.323 8.143 7.339 8.123 7.28 
52 4.324 8.275 7.197 7.987 7.237 
53 4.342 8.215 7.08 7.981 7.327 
54 4.382 8.236 7.61 8.289 7.08 
55 4.405 8.615 7.108 8.564 6.868 
56 4.343 7.73 6.697 7.933 6.602 
57 4.278 8.013 7.311 8.1 7.271 
58 4.341 8.273 7.352 8.06 6.847 
59 4.297 8.197 7.459 8.207 7.461 
60 4.316 8.268 7.519 8.13 7.436 
61 4.322 8.253 7.604 8.104 7.451 
62 4.296 8.297 7.577 8.1 7.021 
63 4.467 8.128 7.305 8.088 7.143 
64 4.389 8.286 7.057 8.18 6.91 
65 4.331 8.436 6.986 8.216 6.98 
66 4.314 8.402 7.105 8.355 6.601 
67 4.345 8.17 7.507 8.125 7.461 
68 4.291 8.284 7.679 8.129 7.423 
69 4.311 8.318 7.589 8.13 7.467 
70 4.305 8.274 7.097 7.906 7.403 
71 4.29 8.166 7.331 8.118 6.854 
72 4.303 8.055 7.374 8.263 7.396 
73 4.323 8.189 7.586 8.242 7.542 
74 4.332 8.402 7.618 8.228 7.516 
75 4.399 8.376 7.366 8.178 7.33 
76 4.307 8.184 7.329 8.131 7.165 
77 4.299 8.263 6.964 8.258 6.869 
78 4.494 8.509 6.895 8.423 7.127 
79 4.354 7.685 7.278 7.845 6.806 
80 4.32 8.083 7.527 8.085 7.4 
81 4.323 8.308 7.526 8.116 7.401 
82 4.316 8.222 7.486 8.092 7.439 
83 4.311 8.266 7.531 8.094 7.421 
84 4.3 8.249 7.491 8.095 7.38 
85 4.323 8.202 7.596 8.076 7.39 
86 4.312 8.303 7.457 8.068 7.378 
87 4.316 8.255 7.485 8.068 7.355 
88 4.292 8.272 7.515 8.081 7.408 
89 4.3 8.245 7.434 8.106 7.443 
90 4.328 8.247 7.067 7.994 7.197 
91 4.327 8.079 7.335 8.322 7.321 
92 4.295 8.157 7.509 8.104 6.863 
93 4.287 8.289 6.985 8.593 6.995 
94 4.394 8.542 7.041 8.539 6.946 
95 4.369 7.951 6.82 7.985 6.75 
96 4.405 8.123 7.432 8.179 6.893 
97 4.358 8.156 7.45 8.222 7.284 
98 4.387 8.482 7.172 8.343 6.947 
99 4.302 8.381 7.131 8.467 7.317 
100 4.305 8.164 7.49 8.424 7.166 
