1 -62936.92 800072.5 800040.8 800070.8 799932.8 NA NA NA NA 
2 -62936.92 801555.4 801514.2 801547.8 801413.5 NA NA NA NA 
3 -62936.92 802830.3 802784.4 802822.8 802660.3 NA NA NA NA 
4 -62936.92 799978.5 799949.1 799979.2 799865.3 NA NA NA NA 
5 -62936.92 803920 803800.7 803879.5 803536.9 NA NA NA NA 
6 -62936.92 801419.3 801285.2 801362.5 800998.2 NA NA NA NA 
7 -62936.92 802915.9 802875.9 802915.6 802762.3 NA NA NA NA 
8 -62936.92 801595.6 801558.8 801596.6 801445 NA NA NA NA 
9 -62936.92 801631.7 801585.6 801628.1 801469 NA NA NA NA 
10 -62936.92 799069 799020.7 799067.6 798906.5 NA NA NA NA 
11 -62936.92 803647 803615 803645.1 803517.9 NA NA NA NA 
12 -62936.92 801164.1 801131.2 801162.4 801030.1 NA NA NA NA 
13 -62936.92 801055.3 800945.9 801030.8 800751.5 NA NA NA NA 
14 -62936.92 798667.3 798435.8 798587.1 798054.6 NA NA NA NA 
15 -62936.92 800545 800303.4 800453 799851.8 NA NA NA NA 
16 -62936.92 797928 797890.3 797926.2 797783.9 NA NA NA NA 
17 -62936.92 799872.6 799834.1 799870.9 799712.5 NA NA NA NA 
18 -62936.92 802480.4 802434.2 802472.6 802321.8 NA NA NA NA 
19 -62936.92 803222.4 803181.8 803220.9 803043.3 NA NA NA NA 
20 -62936.92 796687.6 796632.3 796682.8 796472.5 NA NA NA NA 
21 -62936.92 799859.6 799807.2 799856.2 799601.4 NA NA NA NA 
1 799975.2 800072.5 800040.8 800070.8 799932.8 NA NA NA NA 
2 801513.3 801555.4 801514.2 801547.8 801413.5 NA NA NA NA 
3 802602.3 802830.3 802784.4 802822.8 802660.3 NA NA NA NA 
4 799946 799978.5 799949.1 799979.2 799865.3 NA NA NA NA 
5 802852.1 803920 803800.7 803879.5 803536.9 NA NA NA NA 
6 800173.8 801419.3 801285.2 801362.5 800998.2 NA NA NA NA 
7 802860.3 802915.9 802875.9 802915.6 802762.3 NA NA NA NA 
8 801547.8 801595.6 801558.8 801596.6 801445 NA NA NA NA 
9 801485.8 801631.7 801585.6 801628.1 801469 NA NA NA NA 
10 799017.6 799069 799020.7 799067.6 798906.5 NA NA NA NA 
11 803615.1 803647 803615 803645.1 803517.9 NA NA NA NA 
12 801128.7 801164.1 801131.2 801162.4 801030.1 NA NA NA NA 
13 800257.6 801055.3 800945.9 801030.8 800751.5 NA NA NA NA 
14 796349.6 798667.3 798435.8 798587.1 798054.6 NA NA NA NA 
15 797993.8 800545 800303.4 800453 799851.8 NA NA NA NA 
16 797898.2 797928 797890.3 797926.2 797783.9 NA NA NA NA 
17 799831 799872.6 799834.1 799870.9 799712.5 NA NA NA NA 
18 802433.5 802480.4 802434.2 802472.6 802321.8 NA NA NA NA 
19 803175.4 803222.4 803181.8 803220.9 803043.3 NA NA NA NA 
20 796432.1 796687.6 796632.3 796682.8 796472.5 NA NA NA NA 
21 799673.5 799859.6 799807.2 799856.2 799601.4 NA NA NA NA 
22 800770.7 801303.9 801226.4 801285.4 801077.4 NA NA NA NA 
23 799332 799967.1 799878.3 799948 799610.7 NA NA NA NA 
24 800204.7 800248.3 800211 800248.7 800124.2 NA NA NA NA 
25 800956.7 801431.2 801355.8 801412.3 801219.1 NA NA NA NA 
26 801815.7 801918.9 801884.7 801916.9 801779.4 NA NA NA NA 
27 800643.9 800699.7 800646.5 800699.6 800504.1 NA NA NA NA 
28 800256.5 800292.7 800262.2 800289.2 800162.9 NA NA NA NA 
29 798653.6 798740.9 798677 798739.5 798494.1 NA NA NA NA 
30 802740.5 802798.5 802744 802790 802584.7 NA NA NA NA 
31 803853.5 803895.4 803856.3 803895.6 803747.3 NA NA NA NA 
32 801704.3 801769.3 801714.3 801766 801556.7 NA NA NA NA 
33 802539.9 802570.2 802540 802568.9 802453.8 NA NA NA NA 
34 800038.7 800070.5 800047.1 800063.1 799983.6 NA NA NA NA 
35 802948.4 802989.2 802957.7 802986.5 802828.1 NA NA NA NA 
36 800872.3 801729.8 801629.3 801696.1 801430.7 NA NA NA NA 
37 798644.5 798674.8 798645.3 798671.7 798560.3 NA NA NA NA 
38 797350.1 797585.5 797533 797576.5 797416.8 NA NA NA NA 
39 804454.6 804509.8 804458.3 804503.3 804311.5 NA NA NA NA 
40 804163.8 804305.7 804254 804304.9 804113.5 NA NA NA NA 
41 803089.9 803411.3 803341.5 803409.7 803147.1 NA NA NA NA 
42 803225.5 803706.4 803633.4 803692.7 803445.6 NA NA NA NA 
43 799383.7 799576.4 799525.6 799574.9 799375.2 NA NA NA NA 
44 800538.7 800584.6 800542.8 800578.8 800440.5 NA NA NA NA 
45 800733.7 800807.9 800772.4 800807.5 800687.8 NA NA NA NA 
46 801483 801678.8 801626.5 801674.3 801470.8 NA NA NA NA 
47 801286.2 801439.5 801399.3 801437.7 801262.4 NA NA NA NA 
48 800768.6 800823.9 800779.8 800823.6 800617.7 NA NA NA NA 
49 800501.1 800533.2 800502.8 800528.8 800417.6 NA NA NA NA 
50 802190 802232.1 802188.6 802229.1 802068.9 NA NA NA NA 
51 802432 802468.7 802433.7 802468.8 802341.5 NA NA NA NA 
52 796274.6 796310.7 796269.7 796306.7 796149.6 NA NA NA NA 
53 801482.1 801736.2 801686.9 801732.2 801545.7 NA NA NA NA 
54 800286.6 801237.2 801131.5 801193.8 800908.4 NA NA NA NA 
55 799300.2 799333 799304.8 799327.1 799212.5 NA NA NA NA 
56 799771.3 799799.7 799770.9 799799.2 799685.1 NA NA NA NA 
57 804464.2 804525.4 804481 804524.6 804344.7 NA NA NA NA 
58 798751 798789.5 798751.7 798787.3 798650.2 NA NA NA NA 
59 800646.9 801387 801294.9 801363.6 801049.6 NA NA NA NA 
60 801463.1 801504.1 801458.5 801501.1 801352.3 NA NA NA NA 
61 800027.7 800977.1 800866.6 800933.9 800664.7 NA NA NA NA 
62 801193.2 801296.7 801264.2 801293.8 801165.9 NA NA NA NA 
63 803570.5 803616.3 803591.1 803618.7 803493.5 NA NA NA NA 
64 802092 802157.9 802119.7 802157.2 801997.7 NA NA NA NA 
65 799206.4 799490 799429.7 799483.5 799304.3 NA NA NA NA 
66 801178.6 801723.7 801622.2 801716.9 801332.1 NA NA NA NA 
67 799937.5 799968.8 799936.5 799962.2 799850.2 NA NA NA NA 
68 804833.4 804889.6 804847 804889.5 804714.8 NA NA NA NA 
69 800324.4 800879.3 800795.9 800868.1 800598 NA NA NA NA 
70 802483.7 803150 803062.4 803126.4 802859.8 NA NA NA NA 
71 799694.6 799874.2 799828.5 799870.7 799684.6 NA NA NA NA 
72 802522.9 802619.4 802568.6 802618.5 802414.4 NA NA NA NA 
73 799567.9 799669.9 799632.4 799668.9 799531.6 NA NA NA NA 
74 801674.1 801803 801762.7 801805.6 801631 NA NA NA NA 
75 796243.7 798752.4 798443.2 798625.9 797976.3 NA NA NA NA 
76 802325.6 802379.5 802338.7 802379 802222.7 NA NA NA NA 
77 801726.5 801769.8 801723.7 801765 801609.1 NA NA NA NA 
78 799448.8 800575.8 800459.2 800539.3 800183.1 NA NA NA NA 
79 801374.9 801490.3 801455.4 801490.2 801351.2 NA NA NA NA 
80 798404.2 800247.6 800074.4 800177.9 799732.1 NA NA NA NA 
81 802726 802829.9 802795.2 802827.1 802702.1 NA NA NA NA 
82 805350.6 805968.6 805871.4 805954.8 805595.3 NA NA NA NA 
83 801917.9 801949.2 801922.1 801948.9 801835.2 NA NA NA NA 
84 800902.7 800947.2 800902.2 800943.7 800795.8 NA NA NA NA 
85 797663.2 797779 797718.8 797779 797532.4 NA NA NA NA 
86 805209.1 805243.3 805210.5 805239.9 805130 NA NA NA NA 
87 801455.9 801648.5 801609.7 801639.6 801509.1 NA NA NA NA 
88 802292.1 802325.2 802297.5 802321.9 802197 NA NA NA NA 
89 800746.5 800788 800754.6 800787.2 800670.9 NA NA NA NA 
90 796988.8 797059.4 797003.7 797056.2 796818.1 NA NA NA NA 
91 802287.2 802330.3 802289.4 802329.9 802178.8 NA NA NA NA 
92 802562.7 802609.6 802560.5 802604.7 802431.5 NA NA NA NA 
93 799024.9 799059.6 799016.3 799056.6 798901.3 NA NA NA NA 
94 801047 801097.2 801057 801092.8 800914.8 NA NA NA NA 
95 798122 798176.4 798119.6 798173.6 797958.4 NA NA NA NA 
96 800587.4 800949.1 800893.6 800932.9 800752.1 NA NA NA NA 
97 798302.4 798330 798301.2 798327.5 798210.4 NA NA NA NA 
98 800785.4 800921.6 800874.5 800921.1 800723.4 NA NA NA NA 
99 797411.5 797447.3 797417 797446.9 797319.1 NA NA NA NA 
100 803059.4 803720.4 803635.3 803692.4 803428.7 NA NA NA NA 
