1 6.394494 6.431991 5.82116 6.242023 5.153159 NA NA NA NA 
2 4.080373 4.921947 4.548715 4.21078 4.336219 NA NA NA NA 
3 5.89489 5.677299 4.893943 5.549437 4.44203 NA NA NA NA 
4 1.318749 1.706015 1.996101 1.776722 2.298054 NA NA NA NA 
5 8.798023 2.095375 1.706106 1.948303 1.880306 NA NA NA NA 
6 9.440784 2.063306 1.618911 1.559546 1.733716 NA NA NA NA 
7 8.799567 9.268791 8.704638 9.494531 8.402065 NA NA NA NA 
8 1.260638 1.678847 2.074286 1.709309 2.48464 NA NA NA NA 
9 6.467248 6.448725 5.66312 6.317006 5.019043 NA NA NA NA 
10 9.256619 9.392907 8.866439 9.764807 8.861182 NA NA NA NA 
11 10.42036 9.517368 9.301421 9.362076 9.552235 NA NA NA NA 
12 10.36103 9.38034 8.909429 9.035607 9.003475 NA NA NA NA 
13 6.935784 2.209367 1.755322 2.372273 1.980818 NA NA NA NA 
14 12.65057 0.7205527 2.581285 1.611416 4.308563 NA NA NA NA 
15 12.15755 0.7447111 2.46404 1.715829 4.524334 NA NA NA NA 
16 9.211521 8.461988 7.990212 7.635859 7.709917 NA NA NA NA 
17 2.448542 2.912124 2.923391 2.768844 3.265483 NA NA NA NA 
18 5.661131 5.87131 5.458637 5.059536 5.224354 NA NA NA NA 
19 10.49776 9.276777 8.989306 8.716028 8.868411 NA NA NA NA 
20 6.217002 5.660514 4.847698 5.291081 4.1149 NA NA NA NA 
21 7.009177 7.460724 6.489949 6.870675 5.385477 NA NA NA NA 
1 6.394494 6.431991 5.82116 6.242023 5.153159 NA NA NA NA 
2 4.080373 4.921947 4.548715 4.21078 4.336219 NA NA NA NA 
3 5.89489 5.677299 4.893943 5.549437 4.44203 NA NA NA NA 
4 1.318749 1.706015 1.996101 1.776722 2.298054 NA NA NA NA 
5 8.798023 2.095375 1.706106 1.948303 1.880306 NA NA NA NA 
6 9.440784 2.063306 1.618911 1.559546 1.733716 NA NA NA NA 
7 8.799567 9.268791 8.704638 9.494531 8.402065 NA NA NA NA 
8 1.260638 1.678847 2.074286 1.709309 2.48464 NA NA NA NA 
9 6.467248 6.448725 5.66312 6.317006 5.019043 NA NA NA NA 
10 9.256619 9.392907 8.866439 9.764807 8.861182 NA NA NA NA 
11 10.42036 9.517368 9.301421 9.362076 9.552235 NA NA NA NA 
12 10.36103 9.38034 8.909429 9.035607 9.003475 NA NA NA NA 
13 6.935784 2.209367 1.755322 2.372273 1.980818 NA NA NA NA 
14 12.65057 0.7205527 2.581285 1.611416 4.308563 NA NA NA NA 
15 12.15755 0.7447111 2.46404 1.715829 4.524334 NA NA NA NA 
16 9.211521 8.461988 7.990212 7.635859 7.709917 NA NA NA NA 
17 2.448542 2.912124 2.923391 2.768844 3.265483 NA NA NA NA 
18 5.661131 5.87131 5.458637 5.059536 5.224354 NA NA NA NA 
19 10.49776 9.276777 8.989306 8.716028 8.868411 NA NA NA NA 
20 6.217002 5.660514 4.847698 5.291081 4.1149 NA NA NA NA 
21 7.009177 7.460724 6.489949 6.870675 5.385477 NA NA NA NA 
22 5.497397 3.206125 2.62657 2.857629 2.322802 NA NA NA NA 
23 7.099241 4.160457 3.333272 3.606612 2.677716 NA NA NA NA 
24 8.853956 9.517815 8.991681 9.344348 8.295563 NA NA NA NA 
25 5.890243 3.668601 2.987551 3.729535 2.930611 NA NA NA NA 
26 6.788628 7.324926 6.51142 7.275323 6.045768 NA NA NA NA 
27 10.70265 8.661782 8.345099 8.501171 8.697033 NA NA NA NA 
28 3.61141 4.323981 4.157372 3.815158 4.061923 NA NA NA NA 
29 9.348177 9.986989 9.359786 9.732322 8.862082 NA NA NA NA 
30 7.74341 7.478939 7.040456 6.428675 6.560897 NA NA NA NA 
31 1.164559 1.678079 1.916475 1.643995 2.199625 NA NA NA NA 
32 1.938107 2.411903 2.661861 2.24412 2.94569 NA NA NA NA 
33 9.628719 9.248375 8.724785 8.854272 8.775547 NA NA NA NA 
34 2.910113 4.023857 3.746141 3.374233 3.543819 NA NA NA NA 
35 10.46095 9.16298 8.838753 8.657755 8.735592 NA NA NA NA 
36 7.414894 1.556199 1.591912 1.745556 1.863906 NA NA NA NA 
37 2.890281 3.431141 3.399962 3.15762 3.436246 NA NA NA NA 
38 6.039964 5.289475 4.519933 5.089248 4.086054 NA NA NA NA 
39 6.083422 5.874589 5.583498 5.143511 5.482129 NA NA NA NA 
40 6.938654 7.053815 6.317254 6.789299 5.544576 NA NA NA NA 
41 6.231829 5.072481 4.287509 5.097847 3.851227 NA NA NA NA 
42 5.925657 4.146169 3.375063 3.930978 2.952145 NA NA NA NA 
43 6.471962 6.728727 5.948183 6.651492 5.228572 NA NA NA NA 
44 3.351324 4.149765 3.872803 3.777939 3.971461 NA NA NA NA 
45 7.112515 7.422611 6.814252 7.456487 6.281787 NA NA NA NA 
46 6.439472 6.786242 5.993106 6.211664 5.023779 NA NA NA NA 
47 6.529506 6.335761 5.601125 6.2865 5.051622 NA NA NA NA 
48 10.53629 8.478815 8.150242 8.034 8.255501 NA NA NA NA 
49 8.941548 9.281031 8.774171 8.33724 8.160656 NA NA NA NA 
50 10.13541 9.030436 8.440823 8.705792 8.558247 NA NA NA NA 
51 1.599617 2.129446 2.297226 1.966648 2.604442 NA NA NA NA 
52 10.66438 9.548803 9.109584 8.561188 8.676378 NA NA NA NA 
53 6.235413 5.777596 4.940728 5.717873 4.431589 NA NA NA NA 
54 7.486289 2.130618 1.714067 2.037705 1.823359 NA NA NA NA 
55 10.08178 9.931121 9.664677 9.223158 9.007474 NA NA NA NA 
56 1.546987 1.911789 2.165894 1.882199 2.411879 NA NA NA NA 
57 8.99236 9.429539 8.857584 9.59065 8.477853 NA NA NA NA 
58 1.980718 2.565257 2.645498 2.350016 2.886856 NA NA NA NA 
59 7.292944 3.356149 2.833172 3.028445 2.314436 NA NA NA NA 
60 9.451728 8.289037 7.892668 7.705933 7.801864 NA NA NA NA 
61 8.071984 1.312665 1.377708 1.444622 1.854691 NA NA NA NA 
62 6.509391 6.127382 5.440349 6.04189 4.879057 NA NA NA NA 
63 8.311202 8.137735 7.824415 8.473407 7.446463 NA NA NA NA 
64 8.180424 8.627326 8.011846 8.512126 7.486933 NA NA NA NA 
65 6.05286 5.195618 4.412958 5.045779 3.961906 NA NA NA NA 
66 7.609096 5.997879 4.768447 5.271668 3.688529 NA NA NA NA 
67 5.068786 5.603969 5.07852 5.173095 5.181921 NA NA NA NA 
68 9.341156 9.813553 9.358375 9.850517 8.885497 NA NA NA NA 
69 6.369228 3.958407 3.117062 4.049882 2.944362 NA NA NA NA 
70 6.660405 3.126325 2.591031 2.981522 2.283774 NA NA NA NA 
71 6.229318 5.945272 5.248073 5.651934 4.436947 NA NA NA NA 
72 8.089619 8.590815 8.022046 8.76733 7.397461 NA NA NA NA 
73 6.669437 6.656266 5.845486 6.544489 5.49287 NA NA NA NA 
74 6.943224 7.292163 6.438928 7.314559 5.963812 NA NA NA NA 
75 6.993361 2.154572 5.681761 3.682048 7.967716 NA NA NA NA 
76 8.76054 8.890001 8.478002 9.13036 8.174271 NA NA NA NA 
77 8.710012 8.838132 8.176632 8.154946 7.994484 NA NA NA NA 
78 8.711692 2.223659 1.75113 2.045015 1.73772 NA NA NA NA 
79 6.830894 7.093246 6.296136 6.790475 5.607812 NA NA NA NA 
80 15.25054 0.8919081 1.188887 1.015963 2.089949 NA NA NA NA 
81 6.688874 6.993909 6.399121 6.641641 5.576755 NA NA NA NA 
82 7.426306 4.826631 3.886994 4.645941 3.172636 NA NA NA NA 
83 1.263384 1.757621 1.926382 1.686656 2.2754 NA NA NA NA 
84 9.447201 9.375706 8.96819 10.17964 8.986882 NA NA NA NA 
85 7.9228 8.400647 7.693972 8.558446 7.215793 NA NA NA NA 
86 3.248815 3.912255 3.670212 3.47839 3.764477 NA NA NA NA 
87 5.698435 5.831739 5.119502 5.449539 4.252139 NA NA NA NA 
88 10.39842 10.00982 9.573599 9.056723 9.191365 NA NA NA NA 
89 8.961294 9.207211 8.827194 9.564879 8.596287 NA NA NA NA 
90 2.521963 2.950811 3.16813 2.62068 3.354878 NA NA NA NA 
91 1.308362 1.822454 2.103262 1.693911 2.366442 NA NA NA NA 
92 6.814596 6.687639 6.229792 6.078351 6.155823 NA NA NA NA 
93 6.708741 6.500236 6.064645 6.128621 6.11647 NA NA NA NA 
94 2.570013 3.092587 3.108539 2.701342 3.248702 NA NA NA NA 
95 6.218447 5.935095 5.685807 5.456449 5.738585 NA NA NA NA 
96 5.64338 4.191236 3.4027 3.865574 3.057455 NA NA NA NA 
97 8.338609 8.071503 7.547553 7.705279 7.69108 NA NA NA NA 
98 7.045806 6.959443 6.23281 7.042386 5.651351 NA NA NA NA 
99 8.830884 9.109365 8.910225 9.35725 8.357758 NA NA NA NA 
100 6.656668 3.0506 2.477619 2.916778 2.343464 NA NA NA NA 
