1 2.189 6.68 3.698 NA NA 
2 2.275 5.566 3.61 NA NA 
3 2.157 5.533 4.576 NA NA 
4 2.143 5.529 3.639 NA NA 
5 2.147 5.414 4.656 NA NA 
6 2.874 5.612 3.984 NA NA 
7 2.325 6.249 3.982 NA NA 
8 2.175 5.803 3.663 NA NA 
9 2.11 5.573 3.613 NA NA 
10 2.111 5.714 3.679 NA NA 
11 2.126 5.56 4.178 NA NA 
12 2.137 5.566 3.657 NA NA 
13 2.111 5.546 3.611 NA NA 
14 2.101 5.772 3.617 NA NA 
15 2.099 5.512 3.649 NA NA 
16 2.15 7.118 4.565 NA NA 
17 2.202 6.468 3.719 NA NA 
18 2.187 5.514 3.6 NA NA 
19 2.398 6.584 4.9 NA NA 
20 2.13 5.649 3.667 NA NA 
21 2.247 6.026 3.704 NA NA 
1 2.163 5.518 3.664 NA NA 
2 2.177 5.882 3.634 NA NA 
3 2.15 5.422 3.625 NA NA 
4 2.156 5.432 3.591 NA NA 
5 2.152 5.546 3.617 NA NA 
6 2.11 5.531 3.626 NA NA 
7 2.114 5.491 3.607 NA NA 
8 2.109 5.54 3.608 NA NA 
9 2.117 5.527 3.693 NA NA 
10 2.111 5.637 3.617 NA NA 
11 2.118 5.525 3.608 NA NA 
12 2.126 5.566 3.701 NA NA 
13 2.113 5.565 3.605 NA NA 
14 2.106 5.533 3.612 NA NA 
15 2.165 5.558 3.608 NA NA 
16 2.121 5.537 3.637 NA NA 
17 2.114 5.556 3.603 NA NA 
18 2.11 5.553 3.61 NA NA 
19 2.109 5.565 3.631 NA NA 
20 2.117 5.656 3.617 NA NA 
21 2.119 5.56 3.603 NA NA 
22 2.131 5.542 3.647 NA NA 
23 2.106 5.635 3.598 NA NA 
24 2.112 5.573 3.601 NA NA 
25 2.112 5.513 3.599 NA NA 
26 2.112 5.494 3.597 NA NA 
27 2.1 5.42 3.645 NA NA 
28 2.116 5.437 3.612 NA NA 
29 2.108 5.534 3.606 NA NA 
30 2.102 5.631 3.602 NA NA 
31 2.11 5.544 3.606 NA NA 
32 2.106 5.52 3.701 NA NA 
33 2.112 5.523 3.617 NA NA 
34 2.109 5.547 3.594 NA NA 
35 2.113 5.526 3.622 NA NA 
36 2.114 5.564 3.619 NA NA 
37 2.127 5.628 3.638 NA NA 
38 2.112 5.531 3.675 NA NA 
39 2.104 5.638 3.604 NA NA 
40 2.109 5.512 3.625 NA NA 
41 2.112 5.571 3.658 NA NA 
42 2.113 5.637 3.625 NA NA 
43 2.112 5.588 3.639 NA NA 
44 2.129 5.575 3.599 NA NA 
45 2.11 5.51 3.602 NA NA 
46 2.109 5.576 3.618 NA NA 
47 2.114 5.51 3.601 NA NA 
48 2.104 5.498 3.611 NA NA 
49 2.113 5.687 3.596 NA NA 
50 2.112 5.495 3.643 NA NA 
51 2.114 5.587 3.612 NA NA 
52 2.121 5.553 3.612 NA NA 
53 2.11 5.423 3.621 NA NA 
54 2.118 5.411 3.621 NA NA 
55 2.114 5.499 3.606 NA NA 
56 2.113 5.499 3.602 NA NA 
57 2.112 5.568 3.617 NA NA 
58 2.112 5.506 3.632 NA NA 
59 2.115 5.501 3.603 NA NA 
60 2.118 5.52 3.596 NA NA 
61 2.115 5.515 3.613 NA NA 
62 2.117 5.524 3.599 NA NA 
63 2.115 5.587 3.624 NA NA 
64 2.113 5.548 3.61 NA NA 
65 2.111 5.487 3.602 NA NA 
66 2.102 5.568 3.605 NA NA 
67 2.111 5.549 3.601 NA NA 
68 2.102 5.541 3.619 NA NA 
69 2.113 5.676 3.619 NA NA 
70 2.119 5.501 3.606 NA NA 
71 2.112 5.585 3.59 NA NA 
72 2.104 5.538 3.629 NA NA 
73 2.121 5.4 3.618 NA NA 
74 2.114 5.386 3.604 NA NA 
75 2.11 5.526 3.62 NA NA 
76 2.11 5.518 3.605 NA NA 
77 2.112 5.502 3.602 NA NA 
78 2.114 5.525 3.607 NA NA 
79 2.114 5.566 3.642 NA NA 
80 2.105 5.511 3.629 NA NA 
81 2.123 5.54 3.636 NA NA 
82 2.108 5.56 3.631 NA NA 
83 2.132 5.559 3.644 NA NA 
84 2.135 5.552 3.639 NA NA 
85 2.127 5.568 3.623 NA NA 
86 2.21 5.831 3.759 NA NA 
87 2.517 5.866 3.89 NA NA 
88 2.115 5.591 3.665 NA NA 
89 2.116 5.933 3.715 NA NA 
90 2.25 5.699 3.818 NA NA 
91 2.116 5.614 3.988 NA NA 
92 2.12 5.65 3.639 NA NA 
93 2.236 6.434 3.875 NA NA 
94 2.117 5.546 3.729 NA NA 
95 2.173 5.738 3.634 NA NA 
96 2.117 5.815 3.638 NA NA 
97 2.115 5.603 3.625 NA NA 
98 2.109 5.539 3.62 NA NA 
99 2.113 5.544 3.609 NA NA 
100 2.11 5.58 3.63 NA NA 
