1 0.4807544 0.4931269 0.4909931 0.4927168 0.4908685 NA NA NA NA 
2 0.4544538 0.4463226 0.4575272 0.4547483 0.464441 NA NA NA NA 
3 0.4902475 0.5069211 0.5036836 0.5035015 0.4996968 NA NA NA NA 
4 0.391863 0.3748712 0.3850557 0.3863009 0.3948187 NA NA NA NA 
5 0.5092522 0.5126731 0.5137823 0.5140759 0.5130149 NA NA NA NA 
6 0.5133068 0.5127781 0.5164995 0.5148904 0.5167107 NA NA NA NA 
7 0.4669777 0.4778026 0.479349 0.4767256 0.4785001 NA NA NA NA 
8 0.5085799 0.5082827 0.5082787 0.508269 0.5082882 NA NA NA NA 
9 0.4816098 0.4971469 0.4939197 0.4949703 0.4928729 NA NA NA NA 
10 0.465075 0.4735602 0.4762514 0.4739441 0.4774521 NA NA NA NA 
11 0.464512 0.469409 0.4728168 0.4727452 0.4759542 NA NA NA NA 
12 0.4614999 0.4628153 0.4683856 0.466417 0.4714207 NA NA NA NA 
13 0.5076918 0.5127963 0.5144455 0.514188 0.5126593 NA NA NA NA 
14 0.5099058 0.5048539 0.5089688 0.5056567 0.5134824 NA NA NA NA 
15 0.5114473 0.5069647 0.5113252 0.5075001 0.5153607 NA NA NA NA 
16 0.4612657 0.4647693 0.4705867 0.4675322 0.4724605 NA NA NA NA 
17 0.4465485 0.4294646 0.4438898 0.4432084 0.4550739 NA NA NA NA 
18 0.4582802 0.4508969 0.4610636 0.4595379 0.4674895 NA NA NA NA 
19 0.4623665 0.4632011 0.4677721 0.4687752 0.4739766 NA NA NA NA 
20 0.4909706 0.5043962 0.5013866 0.5028874 0.4995932 NA NA NA NA 
21 0.4800563 0.4956258 0.4933744 0.4940816 0.492443 NA NA NA NA 
1 0.4807544 0.4931269 0.4909931 0.4927168 0.4908685 NA NA NA NA 
2 0.4544538 0.4463226 0.4575272 0.4547483 0.464441 NA NA NA NA 
3 0.4902475 0.5069211 0.5036836 0.5035015 0.4996968 NA NA NA NA 
4 0.391863 0.3748712 0.3850557 0.3863009 0.3948187 NA NA NA NA 
5 0.5092522 0.5126731 0.5137823 0.5140759 0.5130149 NA NA NA NA 
6 0.5133068 0.5127781 0.5164995 0.5148904 0.5167107 NA NA NA NA 
7 0.4669777 0.4778026 0.479349 0.4767256 0.4785001 NA NA NA NA 
8 0.5085799 0.5082827 0.5082787 0.508269 0.5082882 NA NA NA NA 
9 0.4816098 0.4971469 0.4939197 0.4949703 0.4928729 NA NA NA NA 
10 0.465075 0.4735602 0.4762514 0.4739441 0.4774521 NA NA NA NA 
11 0.464512 0.469409 0.4728168 0.4727452 0.4759542 NA NA NA NA 
12 0.4614999 0.4628153 0.4683856 0.466417 0.4714207 NA NA NA NA 
13 0.5076918 0.5127963 0.5144455 0.514188 0.5126593 NA NA NA NA 
14 0.5099058 0.5048539 0.5089688 0.5056567 0.5134824 NA NA NA NA 
15 0.5114473 0.5069647 0.5113252 0.5075001 0.5153607 NA NA NA NA 
16 0.4612657 0.4647693 0.4705867 0.4675322 0.4724605 NA NA NA NA 
17 0.4465485 0.4294646 0.4438898 0.4432084 0.4550739 NA NA NA NA 
18 0.4582802 0.4508969 0.4610636 0.4595379 0.4674895 NA NA NA NA 
19 0.4623665 0.4632011 0.4677721 0.4687752 0.4739766 NA NA NA NA 
20 0.4909706 0.5043962 0.5013866 0.5028874 0.4995932 NA NA NA NA 
21 0.4800563 0.4956258 0.4933744 0.4940816 0.492443 NA NA NA NA 
22 0.5042708 0.5137183 0.5117871 0.5132841 0.5103143 NA NA NA NA 
23 0.4982024 0.5111854 0.5078783 0.5101076 0.5060343 NA NA NA NA 
24 0.4677007 0.4756422 0.4771542 0.4793386 0.4806039 NA NA NA NA 
25 0.5036949 0.5148478 0.5129283 0.5128492 0.5094325 NA NA NA NA 
26 0.4785338 0.4932609 0.4907337 0.4914406 0.4891023 NA NA NA NA 
27 0.4622883 0.4644852 0.4703836 0.4690503 0.4735208 NA NA NA NA 
28 0.4513407 0.4398916 0.4520516 0.4484789 0.4587477 NA NA NA NA 
29 0.4659646 0.4755394 0.4779867 0.4766045 0.4791244 NA NA NA NA 
30 0.4597905 0.4565636 0.4643595 0.4626165 0.4697362 NA NA NA NA 
31 0.439005 0.4264746 0.438537 0.4373557 0.4471924 NA NA NA NA 
32 0.4546395 0.4433089 0.4565532 0.4536454 0.4651551 NA NA NA NA 
33 0.4604525 0.4617703 0.4674483 0.4638899 0.4691533 NA NA NA NA 
34 0.4516783 0.4370712 0.4497548 0.4449666 0.4556726 NA NA NA NA 
35 0.4610911 0.4653012 0.4697265 0.4677535 0.4722326 NA NA NA NA 
36 0.5110433 0.5122129 0.5142502 0.5142845 0.5138676 NA NA NA NA 
37 0.4543169 0.4465221 0.4579896 0.4521787 0.4613027 NA NA NA NA 
38 0.4902354 0.5069456 0.5038644 0.503302 0.4995318 NA NA NA NA 
39 0.4602109 0.4561628 0.4647477 0.4634146 0.4713475 NA NA NA NA 
40 0.4807808 0.4931473 0.4917476 0.4934001 0.491851 NA NA NA NA 
41 0.4922505 0.5055934 0.5027397 0.5034423 0.5006657 NA NA NA NA 
42 0.4978131 0.5127579 0.509811 0.5104703 0.5065917 NA NA NA NA 
43 0.4841926 0.499683 0.4972799 0.4974855 0.4951333 NA NA NA NA 
44 0.4452415 0.4252125 0.4400203 0.4386243 0.4508778 NA NA NA NA 
45 0.4761704 0.4909341 0.4895552 0.4884475 0.4875896 NA NA NA NA 
46 0.484079 0.4972473 0.4949227 0.4965296 0.4940391 NA NA NA NA 
47 0.482912 0.4969702 0.4944453 0.494976 0.4922043 NA NA NA NA 
48 0.4634201 0.4656292 0.4713053 0.4686652 0.4739351 NA NA NA NA 
49 0.461476 0.4591605 0.4651816 0.4633363 0.4692255 NA NA NA NA 
50 0.4610141 0.4589288 0.4660582 0.4636745 0.4698025 NA NA NA NA 
51 0.445692 0.4333633 0.4469758 0.4437239 0.4550977 NA NA NA NA 
52 0.4607637 0.4643521 0.4695982 0.4656574 0.4710685 NA NA NA NA 
53 0.4905347 0.5062266 0.502378 0.5035184 0.4998253 NA NA NA NA 
54 0.5089839 0.5106698 0.5127979 0.5127161 0.5120866 NA NA NA NA 
55 0.4589509 0.4566463 0.4628357 0.4620752 0.4682009 NA NA NA NA 
56 0.4531042 0.4374203 0.4509665 0.4491233 0.4595028 NA NA NA NA 
57 0.466672 0.4726708 0.4755876 0.4745718 0.47777 NA NA NA NA 
58 0.4558437 0.4424419 0.4558461 0.4540157 0.4646584 NA NA NA NA 
59 0.5048499 0.5141029 0.5120215 0.5134444 0.510336 NA NA NA NA 
60 0.4623373 0.4625726 0.4688014 0.468833 0.4744298 NA NA NA NA 
61 0.5107955 0.5105383 0.5138329 0.5131895 0.5137368 NA NA NA NA 
62 0.4795258 0.494007 0.4918674 0.4935452 0.491336 NA NA NA NA 
63 0.4709054 0.4808318 0.4822418 0.4807485 0.4821523 NA NA NA NA 
64 0.4722031 0.4822656 0.4825495 0.4828286 0.4837985 NA NA NA NA 
65 0.4926937 0.5083338 0.5046391 0.5065422 0.502485 NA NA NA NA 
66 0.4904533 0.5044863 0.5018729 0.5043114 0.5008687 NA NA NA NA 
67 0.4568426 0.4447763 0.4564052 0.4548399 0.4633376 NA NA NA NA 
68 0.465264 0.471282 0.4743737 0.4746967 0.4769367 NA NA NA NA 
69 0.499219 0.5132454 0.5103565 0.5101805 0.5059716 NA NA NA NA 
70 0.5043152 0.5142029 0.512638 0.5133655 0.5105479 NA NA NA NA 
71 0.485005 0.4987133 0.4956523 0.4978336 0.4954203 NA NA NA NA 
72 0.4717174 0.4810224 0.4823004 0.4819847 0.4830819 NA NA NA NA 
73 0.4801616 0.4949471 0.4926308 0.4923779 0.4903673 NA NA NA NA 
74 0.4788587 0.4944568 0.4921872 0.493337 0.4913656 NA NA NA NA 
75 0.5062217 0.5045282 0.504908 0.5048445 0.5122336 NA NA NA NA 
76 0.4682059 0.4769119 0.4779153 0.478671 0.4801494 NA NA NA NA 
77 0.4610681 0.4570543 0.4643023 0.4610159 0.4685944 NA NA NA NA 
78 0.5099891 0.5129067 0.5143248 0.5142701 0.5136081 NA NA NA NA 
79 0.4795631 0.4918454 0.4900823 0.4926959 0.4910504 NA NA NA NA 
80 0.5127653 0.5058544 0.5124726 0.5102558 0.5147267 NA NA NA NA 
81 0.4788435 0.4948978 0.4928551 0.4941163 0.4917454 NA NA NA NA 
82 0.4960859 0.5104559 0.5070583 0.5080145 0.5049948 NA NA NA NA 
83 0.4399287 0.4231766 0.436975 0.436561 0.4477332 NA NA NA NA 
84 0.4670116 0.4749817 0.4773462 0.4759971 0.4792576 NA NA NA NA 
85 0.4727244 0.483301 0.4838968 0.4838321 0.4848394 NA NA NA NA 
86 0.4562072 0.4446654 0.4561207 0.4523434 0.4627242 NA NA NA NA 
87 0.4895817 0.5049899 0.501565 0.5036228 0.4999844 NA NA NA NA 
88 0.4618113 0.4643009 0.4687487 0.4701616 0.4735149 NA NA NA NA 
89 0.4680727 0.4765365 0.4789639 0.4768981 0.4790468 NA NA NA NA 
90 0.4520463 0.4402316 0.4541673 0.4538508 0.4643777 NA NA NA NA 
91 0.4493287 0.4331118 0.4473603 0.4483642 0.4591743 NA NA NA NA 
92 0.4566238 0.4531866 0.4622177 0.4572088 0.465346 NA NA NA NA 
93 0.4576848 0.4519977 0.4605235 0.4585684 0.4665531 NA NA NA NA 
94 0.4553399 0.4447018 0.4568324 0.4549155 0.4657197 NA NA NA NA 
95 0.4573712 0.4547424 0.4633831 0.4594974 0.4677661 NA NA NA NA 
96 0.4985338 0.513522 0.5102671 0.5104264 0.5065347 NA NA NA NA 
97 0.4600605 0.459502 0.4666868 0.4648019 0.4700057 NA NA NA NA 
98 0.4775554 0.4931407 0.4912444 0.4907155 0.4893992 NA NA NA NA 
99 0.4698486 0.4760871 0.4786014 0.476974 0.4798594 NA NA NA NA 
100 0.5067778 0.514426 0.5137392 0.5139751 0.5116363 NA NA NA NA 
