1 0.4743266 0.4862848 0.4861451 0.485883 0.4860205 NA NA NA NA 
2 0.5050836 0.5146871 0.5132812 0.5141884 0.5114823 NA NA NA NA 
3 0.4466909 0.4324318 0.4469926 0.4440127 0.4559129 NA NA NA NA 
4 0.4708988 0.4819919 0.4833375 0.4826396 0.4845759 NA NA NA NA 
5 0.5087932 0.5149201 0.5149369 0.5152598 0.5133045 NA NA NA NA 
6 0.451737 0.4368811 0.4517878 0.4496894 0.4618473 NA NA NA NA 
7 0.4829092 0.4982007 0.4954167 0.4953508 0.4932644 NA NA NA NA 
8 0.5101046 0.5144247 0.515237 0.5153137 0.5141621 NA NA NA NA 
9 0.4597891 0.45749 0.4649926 0.4632274 0.4698382 NA NA NA NA 
10 0.4535687 0.44211 0.454772 0.4535371 0.4640735 NA NA NA NA 
11 0.4584508 0.4556972 0.4638126 0.4622538 0.469435 NA NA NA NA 
12 0.4760259 0.4886678 0.4879135 0.4877588 0.4876484 NA NA NA NA 
13 0.4973171 0.5119823 0.5088997 0.509788 0.5062098 NA NA NA NA 
14 0.4538855 0.4456729 0.4567158 0.4546548 0.463852 NA NA NA NA 
15 0.4610851 0.4514181 0.4652899 0.463557 0.4742673 NA NA NA NA 
16 0.5041115 0.5147817 0.5127335 0.5139039 0.5107477 NA NA NA NA 
17 0.4545045 0.448482 0.4586917 0.456773 0.4653782 NA NA NA NA 
18 0.5003968 0.5133833 0.5105884 0.5115052 0.5078263 NA NA NA NA 
19 0.4574889 0.4523011 0.462192 0.4596848 0.4682606 NA NA NA NA 
20 0.4518009 0.4383854 0.4526857 0.4505801 0.4616704 NA NA NA NA 
21 0.4742625 0.4857034 0.4858647 0.4856404 0.4863669 NA NA NA NA 
22 0.4813184 0.4978174 0.495337 0.495067 0.4932984 NA NA NA NA 
23 0.4609571 0.4607152 0.4674119 0.4659546 0.471977 NA NA NA NA 
24 0.3692033 0.3475783 0.3537573 0.3527521 0.3580212 NA NA NA NA 
25 0.4874299 0.5029648 0.499907 0.500667 0.4977537 NA NA NA NA 
26 0.4531853 0.438386 0.4529175 0.4509638 0.4625185 NA NA NA NA 
27 0.4521491 0.439722 0.4538359 0.4507098 0.46198 NA NA NA NA 
28 0.4616175 0.4623251 0.468548 0.4668457 0.4725228 NA NA NA NA 
29 0.4544759 0.4473873 0.4585527 0.4570091 0.4663375 NA NA NA NA 
30 0.4620231 0.4658952 0.4711804 0.468659 0.4738977 NA NA NA NA 
31 0.474785 0.4878664 0.4872998 0.4866431 0.4869477 NA NA NA NA 
32 0.4826281 0.4982219 0.4956296 0.495476 0.4934476 NA NA NA NA 
33 0.4567419 0.4500343 0.4601148 0.4585899 0.4670698 NA NA NA NA 
34 0.4582765 0.4555997 0.4635651 0.4612982 0.4684884 NA NA NA NA 
35 0.5051676 0.5144436 0.5130212 0.5139006 0.5111763 NA NA NA NA 
36 0.4656725 0.4711646 0.474867 0.4743353 0.4779242 NA NA NA NA 
37 0.4744008 0.4871663 0.4869947 0.4860938 0.4865368 NA NA NA NA 
38 0.4572636 0.4540227 0.4634605 0.4624558 0.4703704 NA NA NA NA 
39 0.4824104 0.49693 0.4945892 0.4954311 0.493425 NA NA NA NA 
40 0.4638567 0.4664147 0.4713663 0.4700963 0.4747045 NA NA NA NA 
41 0.4944771 0.5094878 0.5061148 0.5073786 0.5038967 NA NA NA NA 
42 0.4673121 0.4741792 0.4776085 0.4759525 0.4792601 NA NA NA NA 
43 0.4459069 0.4321356 0.4470608 0.4443852 0.4565712 NA NA NA NA 
44 0.4584473 0.4566424 0.4647259 0.4623354 0.4696191 NA NA NA NA 
45 0.4971615 0.5109559 0.5076228 0.5090307 0.5053615 NA NA NA NA 
46 0.4659444 0.4716342 0.4754672 0.4744851 0.477952 NA NA NA NA 
47 0.4519323 0.4426681 0.4555744 0.453132 0.4639004 NA NA NA NA 
48 0.4532684 0.4445404 0.4569571 0.4549862 0.4655336 NA NA NA NA 
49 0.4583465 0.4563924 0.4649416 0.4632845 0.470688 NA NA NA NA 
50 0.4552177 0.448783 0.458967 0.4571674 0.4657234 NA NA NA NA 
51 0.48015 0.494809 0.4928233 0.4923139 0.4908354 NA NA NA NA 
52 0.4615059 0.4626954 0.4694521 0.4681455 0.4743284 NA NA NA NA 
53 0.4530976 0.4432222 0.4551673 0.4537285 0.4633426 NA NA NA NA 
54 0.4627507 0.4662877 0.4716813 0.4692665 0.4745983 NA NA NA NA 
55 0.5123851 0.5066576 0.5126393 0.5098213 0.5154522 NA NA NA NA 
56 0.4831049 0.4976794 0.4953782 0.495823 0.4940527 NA NA NA NA 
57 0.5114021 0.5126179 0.5152499 0.5149031 0.5148288 NA NA NA NA 
58 0.4867794 0.5025503 0.4993437 0.5002134 0.4972566 NA NA NA NA 
59 0.4661378 0.4730323 0.4760891 0.4739138 0.4772848 NA NA NA NA 
60 0.4664724 0.4720033 0.4754227 0.4740369 0.477834 NA NA NA NA 
61 0.4605468 0.4609983 0.4678247 0.4662721 0.4725089 NA NA NA NA 
62 0.5098586 0.5140568 0.5153599 0.5154231 0.5144514 NA NA NA NA 
63 0.4672906 0.4744772 0.4773708 0.4764145 0.4795025 NA NA NA NA 
64 0.5009668 0.5030758 0.5040534 0.5031434 0.5108784 NA NA NA NA 
65 0.4530976 0.4395074 0.453974 0.4521283 0.4637712 NA NA NA NA 
66 0.4745695 0.4854261 0.4853618 0.4854288 0.4857508 NA NA NA NA 
67 0.4491761 0.4372274 0.4509595 0.4484847 0.4596716 NA NA NA NA 
68 0.5062484 0.50497 0.5076454 0.504954 0.5129501 NA NA NA NA 
69 0.4612475 0.4623877 0.4687105 0.467025 0.4728313 NA NA NA NA 
70 0.4539621 0.4466706 0.459116 0.4567452 0.4671071 NA NA NA NA 
71 0.4873526 0.5031579 0.5000045 0.5008198 0.4978713 NA NA NA NA 
72 0.4504734 0.4385821 0.4520657 0.4487697 0.4599916 NA NA NA NA 
73 0.4680378 0.4750077 0.477636 0.4763365 0.4790879 NA NA NA NA 
74 0.510352 0.5143266 0.5154741 0.5154914 0.5144405 NA NA NA NA 
75 0.4706299 0.4788475 0.4804929 0.4799747 0.4819617 NA NA NA NA 
76 0.4758803 0.4896673 0.488791 0.4883157 0.487985 NA NA NA NA 
77 0.4591071 0.4611718 0.4689775 0.467259 0.4744956 NA NA NA NA 
78 0.4534888 0.4455003 0.4575788 0.4553542 0.4652994 NA NA NA NA 
79 0.4859777 0.5012832 0.4982794 0.4991458 0.4964832 NA NA NA NA 
80 0.4504259 0.435624 0.450154 0.4482865 0.4600031 NA NA NA NA 
81 0.4492682 0.4344188 0.4484436 0.4467293 0.4582897 NA NA NA NA 
82 0.4690701 0.4776019 0.4795718 0.4787203 0.4808003 NA NA NA NA 
83 0.466591 0.4740865 0.4767424 0.4748928 0.4779532 NA NA NA NA 
84 0.4595009 0.4577592 0.4654447 0.4639772 0.4706182 NA NA NA NA 
85 0.4606751 0.4597428 0.4673002 0.4648563 0.471306 NA NA NA NA 
86 0.4956665 0.5101833 0.5067802 0.5083342 0.5045326 NA NA NA NA 
87 0.464679 0.4681703 0.4728504 0.4708393 0.4754795 NA NA NA NA 
88 0.5130036 0.5094266 0.5146625 0.5135738 0.5156054 NA NA NA NA 
89 0.4501987 0.4394461 0.4530893 0.4514442 0.4623148 NA NA NA NA 
90 0.4536682 0.4454549 0.4567976 0.4547217 0.4642276 NA NA NA NA 
91 0.5081295 0.5149627 0.5148439 0.5152006 0.5133176 NA NA NA NA 
92 0.4937301 0.5090628 0.5053976 0.5065844 0.5029951 NA NA NA NA 
93 0.4632085 0.4662394 0.4716728 0.4693303 0.4745123 NA NA NA NA 
94 0.4847008 0.5010591 0.4981157 0.4982362 0.4958089 NA NA NA NA 
95 0.4932301 0.5085623 0.5053499 0.5059064 0.5025809 NA NA NA NA 
96 0.4886103 0.5040302 0.5007524 0.5016024 0.498511 NA NA NA NA 
97 0.487678 0.5031832 0.4998725 0.5012637 0.4980191 NA NA NA NA 
98 0.4839541 0.5003783 0.497453 0.496588 0.4941564 NA NA NA NA 
99 0.4490617 0.4393564 0.4543721 0.451118 0.463772 NA NA NA NA 
100 0.4523351 0.4413105 0.4545107 0.4522084 0.4631156 NA NA NA NA 
