1 21.499 73.229 47.672 NA NA 
2 21.618 71.001 50.009 NA NA 
3 21.643 71.569 48.653 NA NA 
4 21.565 71.968 50.054 NA NA 
5 21.625 70.773 48.047 NA NA 
6 21.583 72.137 49.176 NA NA 
7 21.563 77.636 47.998 NA NA 
8 21.607 70.544 48.568 NA NA 
9 21.482 70.532 48.931 NA NA 
10 21.524 70.714 47.577 NA NA 
11 21.555 70 48.401 NA NA 
12 21.542 69.706 47.036 NA NA 
13 21.557 72.818 47.616 NA NA 
14 21.564 70.056 47.92 NA NA 
15 21.52 70.429 47.887 NA NA 
16 21.491 70.34 48.878 NA NA 
17 21.485 70.792 46.803 NA NA 
18 21.562 70.084 47.443 NA NA 
19 21.469 70.313 47.825 NA NA 
20 21.528 72.528 47.127 NA NA 
21 21.471 69.831 46.769 NA NA 
22 21.651 70.418 47.586 NA NA 
23 21.539 70.46 48.759 NA NA 
24 21.504 70.141 46.622 NA NA 
25 21.485 70.936 48.252 NA NA 
26 21.614 70.379 47.328 NA NA 
27 21.493 74.103 48.754 NA NA 
28 21.52 70.234 47.119 NA NA 
29 21.524 71.404 46.991 NA NA 
30 21.522 70.184 48.254 NA NA 
31 21.496 70.336 46.759 NA NA 
32 21.548 70.126 48.127 NA NA 
33 22.024 74.619 49.084 NA NA 
34 22.104 80.031 51.575 NA NA 
35 22.071 80.725 47.859 NA NA 
36 21.443 70.793 47.427 NA NA 
37 21.506 71.414 50.012 NA NA 
38 21.49 71.312 48.305 NA NA 
39 21.588 70.137 47.982 NA NA 
40 21.465 70.752 47.24 NA NA 
41 21.452 70.89 47.485 NA NA 
42 21.493 70.387 47.869 NA NA 
43 21.547 70.095 46.881 NA NA 
44 21.501 70.263 50.169 NA NA 
45 21.449 71.656 47.29 NA NA 
46 21.547 70.83 46.721 NA NA 
47 21.511 69.918 48.133 NA NA 
48 21.393 71.126 48.227 NA NA 
49 21.546 71.672 47.488 NA NA 
50 21.511 70.737 46.684 NA NA 
51 21.592 76.088 50.603 NA NA 
52 22.401 76.546 50.32 NA NA 
53 22.121 73.253 56.332 NA NA 
54 22.443 76.087 51.395 NA NA 
55 22.019 72.118 50.797 NA NA 
56 21.769 73.239 48.407 NA NA 
57 21.805 72.008 48.689 NA NA 
58 21.779 74.167 47.897 NA NA 
59 21.7 72.136 47.653 NA NA 
60 21.766 71.456 48.731 NA NA 
61 21.789 71.304 50.674 NA NA 
62 21.853 72.351 49.254 NA NA 
63 21.849 72.715 49.333 NA NA 
64 21.718 71.499 48.636 NA NA 
65 21.845 71.981 48.335 NA NA 
66 21.706 71.757 48.602 NA NA 
67 21.64 72.425 48.559 NA NA 
68 21.747 73.398 48.846 NA NA 
69 21.682 72.143 47.997 NA NA 
70 21.757 72.598 48.72 NA NA 
71 21.662 71.407 49.609 NA NA 
72 21.791 72.227 48.085 NA NA 
73 21.749 71.842 49.41 NA NA 
74 21.82 71.683 48.06 NA NA 
75 21.723 78.186 49.193 NA NA 
76 21.718 73.303 47.993 NA NA 
77 21.645 71.755 48.195 NA NA 
78 21.784 71.644 51.267 NA NA 
79 21.855 71.357 49.093 NA NA 
80 21.673 71.662 47.889 NA NA 
81 21.68 71.676 48.192 NA NA 
82 21.836 74.867 48.81 NA NA 
83 21.657 71.14 47.75 NA NA 
84 21.744 71.627 48.512 NA NA 
85 21.798 72.392 49.006 NA NA 
86 21.78 71.512 48.472 NA NA 
87 21.805 72.178 48.075 NA NA 
88 21.816 71.659 49.004 NA NA 
89 21.78 72.41 48.094 NA NA 
90 21.872 71.739 48.82 NA NA 
91 21.855 71.097 48.238 NA NA 
92 21.705 74.228 49.884 NA NA 
93 21.815 71.234 48.244 NA NA 
94 21.691 71.246 47.84 NA NA 
95 21.777 72.613 50.043 NA NA 
96 21.69 71.393 48.613 NA NA 
97 21.64 71.743 48.174 NA NA 
98 21.78 71.718 47.791 NA NA 
99 21.712 72.409 48.375 NA NA 
100 21.805 71.279 48.221 NA NA 
