1 7.676236 8.032444 7.24987 7.990326 6.555877 NA NA NA NA 
2 9.154068 3.026619 2.334505 2.811834 1.957643 NA NA NA NA 
3 1.12876 1.647285 2.016264 1.627886 2.423366 NA NA NA NA 
4 8.524133 8.485699 7.600985 8.55506 6.790799 NA NA NA NA 
5 7.97075 2.472982 1.994464 2.353457 1.910683 NA NA NA NA 
6 1.189162 1.775378 2.13807 1.730873 2.571253 NA NA NA NA 
7 6.74886 6.475501 5.654565 6.380545 4.908503 NA NA NA NA 
8 10.02018 2.211718 1.791113 2.135544 1.801127 NA NA NA NA 
9 9.457505 8.237643 7.732029 7.403893 7.493474 NA NA NA NA 
10 2.560885 2.996665 3.098304 2.72272 3.3638 NA NA NA NA 
11 8.15601 7.341741 6.886469 6.557299 6.730785 NA NA NA NA 
12 7.578153 7.75709 6.920285 7.681712 6.102651 NA NA NA NA 
13 8.534447 4.245778 3.263973 3.994022 2.611514 NA NA NA NA 
14 4.973072 5.081763 4.790438 4.50685 4.800397 NA NA NA NA 
15 1.079362 1.642328 2.037303 1.644796 2.47894 NA NA NA NA 
16 7.384285 3.466292 2.679944 3.126086 2.22128 NA NA NA NA 
17 4.616121 4.728366 4.507694 4.254158 4.61549 NA NA NA NA 
18 6.791435 4.138916 3.284254 3.879315 2.759254 NA NA NA NA 
19 6.541692 6.061273 5.695719 5.523584 5.801672 NA NA NA NA 
20 1.321734 1.824682 2.130919 1.794253 2.48977 NA NA NA NA 
21 7.716047 8.05428 7.283897 8.082753 6.555346 NA NA NA NA 
22 7.546953 6.827373 5.765162 6.743701 4.96466 NA NA NA NA 
23 10.36792 8.601829 8.143748 7.947054 8.069122 NA NA NA NA 
24 1.056944 1.609168 2.000639 1.606558 2.417596 NA NA NA NA 
25 6.673564 5.976282 5.032193 5.786481 4.273883 NA NA NA NA 
26 1.248747 1.745027 2.058975 1.721171 2.4047 NA NA NA NA 
27 2.284883 2.801585 2.951601 2.588625 3.251614 NA NA NA NA 
28 10.90769 8.907706 8.464844 8.292658 8.450532 NA NA NA NA 
29 5.143301 5.060193 4.834147 4.507541 4.933504 NA NA NA NA 
30 10.73267 8.712527 8.441708 8.13998 8.431037 NA NA NA NA 
31 7.713643 7.960173 7.122415 7.978997 6.37283 NA NA NA NA 
32 6.714785 6.625321 5.711167 6.46547 5.012233 NA NA NA NA 
33 5.754076 5.622179 5.292712 5.078701 5.343718 NA NA NA NA 
34 8.30912 7.431219 6.959201 6.818498 6.924967 NA NA NA NA 
35 6.983315 3.219489 2.531093 2.934267 2.163957 NA NA NA NA 
36 9.270368 9.76418 9.22738 9.947098 8.645438 NA NA NA NA 
37 7.821843 7.979932 7.116504 8.044711 6.399073 NA NA NA NA 
38 7.347948 6.409974 6.082064 5.755575 6.143031 NA NA NA NA 
39 6.716642 6.617525 5.770522 6.490525 5.057017 NA NA NA NA 
40 10.00355 9.986829 9.594103 9.427849 9.484311 NA NA NA NA 
41 7.18153 4.98116 4.015108 4.738586 3.21322 NA NA NA NA 
42 8.890721 9.398661 8.826989 9.460117 8.109129 NA NA NA NA 
43 1.117888 1.743277 2.138286 1.702449 2.606876 NA NA NA NA 
44 7.880742 6.829197 6.489072 6.212272 6.482186 NA NA NA NA 
45 6.640057 4.482089 3.601303 4.147222 2.934029 NA NA NA NA 
46 9.426999 9.920126 9.368237 10.09654 8.745741 NA NA NA NA 
47 2.941182 3.258686 3.376311 2.982785 3.678609 NA NA NA NA 
48 4.154568 4.27537 4.177343 3.826806 4.409415 NA NA NA NA 
49 7.782069 6.674766 6.367176 6.032593 6.381729 NA NA NA NA 
50 4.977497 5.068082 4.814712 4.622097 4.912018 NA NA NA NA 
51 6.858649 7.060985 6.232554 6.874112 5.580247 NA NA NA NA 
52 11.08069 8.568537 8.188616 7.868002 8.207524 NA NA NA NA 
53 3.780677 4.13196 3.973922 3.693469 4.107818 NA NA NA NA 
54 10.20286 9.507705 9.208454 8.962913 9.253122 NA NA NA NA 
55 16.85309 0.6414351 1.588544 1.186289 3.058547 NA NA NA NA 
56 7.356606 6.532943 5.529724 6.352199 4.668203 NA NA NA NA 
57 10.19011 1.8622 1.529313 1.787138 1.694496 NA NA NA NA 
58 6.851526 5.900359 4.970026 5.698086 4.162095 NA NA NA NA 
59 9.15428 9.637558 9.120652 9.751782 8.625354 NA NA NA NA 
60 9.228531 9.600308 9.128998 9.939909 8.70223 NA NA NA NA 
61 10.5057 8.283507 7.887391 7.574787 7.850932 NA NA NA NA 
62 12.19927 2.11349 1.680702 2.037777 1.724642 NA NA NA NA 
63 8.904634 9.427145 8.819978 9.555758 8.225724 NA NA NA NA 
64 3.809461 4.200835 8.714564 6.951217 12.07831 NA NA NA NA 
65 1.1336 1.678815 2.031012 1.673721 2.498518 NA NA NA NA 
66 7.495784 7.863677 7.219039 7.830059 6.553685 NA NA NA NA 
67 1.359552 1.904458 2.213744 1.824982 2.596084 NA NA NA NA 
68 6.926481 1.417137 4.280712 3.298951 7.292384 NA NA NA NA 
69 10.61544 8.465753 8.102247 7.922113 8.142571 NA NA NA NA 
70 4.290186 4.150116 4.1435 3.73394 4.485139 NA NA NA NA 
71 6.731694 5.831791 4.863088 5.651671 4.142165 NA NA NA NA 
72 2.190003 2.686089 2.847927 2.462314 3.11967 NA NA NA NA 
73 8.672956 9.039539 8.53708 9.311292 8.106822 NA NA NA NA 
74 10.22034 2.161279 1.739636 2.034469 1.765599 NA NA NA NA 
75 8.266767 8.779916 8.137559 8.82954 7.505626 NA NA NA NA 
76 7.3905 7.693069 6.853244 7.641824 6.098274 NA NA NA NA 
77 11.79467 7.745657 7.527399 7.149977 7.838248 NA NA NA NA 
78 3.601527 3.800805 3.798541 3.405478 4.013418 NA NA NA NA 
79 6.553101 6.229364 5.303276 5.973296 4.56312 NA NA NA NA 
80 1.473676 1.988137 2.275285 1.961523 2.62794 NA NA NA NA 
81 1.576176 2.108295 2.320768 1.990821 2.609124 NA NA NA NA 
82 8.533495 9.004872 8.367759 9.057301 7.742145 NA NA NA NA 
83 9.213998 9.648364 9.253336 9.969012 8.833397 NA NA NA NA 
84 8.054096 7.094233 6.717707 6.517467 6.707099 NA NA NA NA 
85 9.653631 8.01977 7.582782 7.429908 7.57863 NA NA NA NA 
86 6.851145 4.873234 3.935831 4.530817 3.180581 NA NA NA NA 
87 9.896149 10.14964 9.816279 9.760634 9.387027 NA NA NA NA 
88 13.53882 1.198121 1.259856 1.31677 1.862103 NA NA NA NA 
89 1.725425 2.252572 2.542652 2.118835 2.932844 NA NA NA NA 
90 3.75852 4.052549 3.951688 3.557168 4.057651 NA NA NA NA 
91 10.04987 2.583078 1.9953 2.371915 1.82814 NA NA NA NA 
92 6.414721 5.055449 4.173615 4.846342 3.501515 NA NA NA NA 
93 10.40831 9.272202 8.966818 8.670463 8.913868 NA NA NA NA 
94 7.085382 6.361119 5.363829 6.214813 4.603448 NA NA NA NA 
95 7.797873 4.933551 3.945846 4.737197 3.187842 NA NA NA NA 
96 6.593114 5.774273 4.847027 5.60217 4.126415 NA NA NA NA 
97 6.332635 5.907348 5.083084 5.644505 4.368626 NA NA NA NA 
98 6.526411 6.314927 5.516739 6.285772 4.983028 NA NA NA NA 
99 1.193191 1.96904 2.458991 1.917976 3.108537 NA NA NA NA 
100 2.596251 3.02231 3.112185 2.753116 3.427098 NA NA NA NA 
