1 8014157 8015561 8014936 8015561 8013038 NA NA NA NA 
2 7995023 8006278 8004949 8006025 8001587 NA NA NA NA 
3 8013105 8013726 8013207 8013724 8011677 NA NA NA NA 
4 8018398 8021216 8020150 8021215 8016819 NA NA NA NA 
5 8008012 8017432 8016320 8017143 8013820 NA NA NA NA 
6 8015271 8016031 8015432 8016027 8013709 NA NA NA NA 
7 8018833 8021324 8020647 8021297 8018735 NA NA NA NA 
8 7997477 8010053 8008688 8009714 8005660 NA NA NA NA 
9 8010208 8010776 8010210 8010721 8008677 NA NA NA NA 
10 8008061 8008735 8008140 8008703 8006510 NA NA NA NA 
11 8013457 8014035 8013497 8013981 8011885 NA NA NA NA 
12 8006308 8008305 8007540 8008301 8005281 NA NA NA NA 
13 8000555 8009629 8008323 8009484 8004893 NA NA NA NA 
14 8014834 8015413 8014837 8015354 8013368 NA NA NA NA 
15 8008032 8008756 8008159 8008755 8006474 NA NA NA NA 
16 8002631 8010712 8009649 8010480 8007063 NA NA NA NA 
17 8014643 8015164 8014669 8015121 8013320 NA NA NA NA 
18 8003877 8010098 8009171 8009927 8006837 NA NA NA NA 
19 8019878 8020555 8019922 8020511 8018228 NA NA NA NA 
20 8007981 8008553 8008088 8008547 8006614 NA NA NA NA 
21 8008349 8009931 8009237 8009932 8007091 NA NA NA NA 
22 8014196 8018079 8017044 8018060 8014005 NA NA NA NA 
23 8010592 8011214 8010622 8011177 8008956 NA NA NA NA 
24 8015454 8016149 8015606 8016150 8013974 NA NA NA NA 
25 8004739 8008038 8007282 8007992 8005176 NA NA NA NA 
26 8006323 8006799 8006391 8006798 8005202 NA NA NA NA 
27 8013489 8014252 8013650 8014223 8011912 NA NA NA NA 
28 8003484 8004125 8003539 8004091 8001839 NA NA NA NA 
29 8002551 8003358 8002642 8003305 8000799 NA NA NA NA 
30 8009391 8010237 8009562 8010210 8007589 NA NA NA NA 
31 8018743 8020508 8019796 8020507 8017595 NA NA NA NA 
32 8001295 8003504 8002861 8003483 8000988 NA NA NA NA 
33 8005609 8006181 8005634 8006129 8004071 NA NA NA NA 
34 8006081 8006596 8006074 8006553 8004618 NA NA NA NA 
35 8007667 8015354 8014349 8015103 8011989 NA NA NA NA 
36 7997174 7998114 7997441 7998101 7995482 NA NA NA NA 
37 8008402 8010481 8009654 8010480 8007179 NA NA NA NA 
38 8009343 8010260 8009514 8010209 8007383 NA NA NA NA 
39 8013820 8015738 8015159 8015718 8013490 NA NA NA NA 
40 8013702 8014294 8013754 8014272 8012277 NA NA NA NA 
41 8003610 8009730 8008721 8009612 8005919 NA NA NA NA 
42 8019536 8020698 8019984 8020692 8017845 NA NA NA NA 
43 8013072 8013994 8013320 8013990 8011288 NA NA NA NA 
44 8017604 8018279 8017669 8018235 8015915 NA NA NA NA 
45 8000766 8006328 8005442 8006185 8003159 NA NA NA NA 
46 8012985 8013958 8013274 8013947 8011308 NA NA NA NA 
47 8000045 8001014 8000259 8000977 7998111 NA NA NA NA 
48 7999818 8000830 8000045 8000777 7997779 NA NA NA NA 
49 8004402 8005242 8004553 8005195 8002529 NA NA NA NA 
50 8007514 8008021 8007542 8007979 8006241 NA NA NA NA 
51 8001060 8002637 8002074 8002620 8000479 NA NA NA NA 
52 8014051 8015219 8014365 8015180 8011886 NA NA NA NA 
53 8007108 8007671 8007155 8007623 8005695 NA NA NA NA 
54 8001036 8002073 8001300 8002049 7999101 NA NA NA NA 
55 7988129 8011794 8009749 8011047 8005451 NA NA NA NA 
56 8010754 8014276 8013346 8014251 8010649 NA NA NA NA 
57 7999283 8012398 8011005 8011995 8007975 NA NA NA NA 
58 8000324 8004090 8003243 8004034 8000894 NA NA NA NA 
59 8009323 8010079 8009481 8010068 8007815 NA NA NA NA 
60 8003064 8003834 8003235 8003817 8001457 NA NA NA NA 
61 8007139 8008007 8007290 8007965 8005215 NA NA NA NA 
62 8009878 8026044 8024471 8025650 8020624 NA NA NA NA 
63 8020895 8022048 8021335 8022039 8019173 NA NA NA NA 
64 7959213 7997003 7993014 7995246 7985866 NA NA NA NA 
65 8000735 8001389 8000861 8001388 7999202 NA NA NA NA 
66 8006075 8007160 8006642 8007161 8005022 NA NA NA NA 
67 8005312 8005967 8005434 8005962 8003842 NA NA NA NA 
68 7980495 8013231 8010176 8011926 8004138 NA NA NA NA 
69 7996934 7997634 7997001 7997606 7995217 NA NA NA NA 
70 8009996 8011663 8010574 8011618 8007492 NA NA NA NA 
71 7997942 8001550 8000712 8001502 7998480 NA NA NA NA 
72 8013238 8013925 8013312 8013898 8011665 NA NA NA NA 
73 8009152 8009894 8009373 8009883 8007813 NA NA NA NA 
74 7992494 8005383 8004007 8005016 8000856 NA NA NA NA 
75 8001573 8002540 8001929 8002539 8000196 NA NA NA NA 
76 8005309 8007146 8006440 8007141 8004330 NA NA NA NA 
77 8002898 8005783 8004324 8005745 8000179 NA NA NA NA 
78 8001027 8001916 8001211 8001874 7999198 NA NA NA NA 
79 8006294 8008847 8008196 8008809 8006359 NA NA NA NA 
80 8012740 8013336 8012831 8013322 8011354 NA NA NA NA 
81 8013482 8013951 8013536 8013938 8012385 NA NA NA NA 
82 8010004 8010997 8010353 8010994 8008577 NA NA NA NA 
83 8021256 8021921 8021412 8021912 8019889 NA NA NA NA 
84 8009166 8009717 8009191 8009677 8007733 NA NA NA NA 
85 8010318 8010945 8010357 8010907 8008699 NA NA NA NA 
86 8010934 8016275 8015379 8016151 8012981 NA NA NA NA 
87 8011634 8012168 8011668 8012153 8010240 NA NA NA NA 
88 8002304 8019068 8017472 8018541 8014145 NA NA NA NA 
89 7997515 7998354 7997681 7998339 7995731 NA NA NA NA 
90 8010843 8011494 8010912 8011446 8009280 NA NA NA NA 
91 8002226 8014980 8013590 8014661 8010258 NA NA NA NA 
92 8014978 8019199 8018435 8019096 8016412 NA NA NA NA 
93 8002430 8003208 8002548 8003181 8000672 NA NA NA NA 
94 8008167 8011515 8010680 8011479 8008259 NA NA NA NA 
95 8008621 8015446 8014303 8015347 8011110 NA NA NA NA 
96 7997303 8000789 8000029 8000735 7997901 NA NA NA NA 
97 8004802 8007292 8006720 8007239 8005121 NA NA NA NA 
98 8011106 8012995 8012475 8012971 8010991 NA NA NA NA 
99 8014798 8017079 8015864 8017069 8012204 NA NA NA NA 
100 8003202 8003940 8003316 8003908 8001476 NA NA NA NA 
