1 -18544746 -17354294 -17546213 -17354291 -17745058 -17354299 -17548357 -17354292 -17743151 
2 -18565671 -17350517 -17566772 -17350512 -17801691 -17350521 -17571109 -17350505 -17785610 
3 -18461509 -17352383 -17580617 -17352382 -17792498 -17352387 -17578648 -17352375 -17801088 
4 -18682880 -17350421 -17737608 -17350412 -17959027 -17350427 -17700168 -17350409 -18004014 
5 -18644335 -17351429 -17599266 -17351414 -17846202 -17351423 -17610405 -17351418 -17850360 
6 -18831448 -17351024 -17764171 -17351024 -18080073 -17351031 -17687875 -17351025 -18037410 
7 -18674122 -17354285 -17758481 -17354267 -18081925 -17354274 -17804073 -17354272 -18099940 
8 -18871543 -17353464 -17757500 -17353454 -18082860 -17353457 -17732714 -17353456 -18063351 
9 -18641822 -17352946 -17692536 -17352939 -17977307 -17352958 -17683582 -17352949 -17957528 
10 -18659719 -17353478 -17855663 -17354722 -18164905 -17353468 -17839644 -17354864 -18163361 
11 -18666106 -17352074 -17627005 -17352071 -17878389 -17352077 -17625313 -17352070 -17870816 
12 -18804766 -17351150 -17573962 -17351144 -17802697 -17351151 -17564536 -17351145 -17807465 
13 -18869143 -17351975 -17656391 -17351963 -17906627 -17351964 -17654812 -17351969 -17915662 
14 -18643833 -17350609 -17605104 -17350589 -17829317 -17350602 -17613407 -17350598 -17843549 
15 -18730268 -17351431 -17674393 -17351409 -17942196 -17351426 -17662734 -17351411 -17929767 
16 -18509936 -17354477 -17597728 -17354470 -17831620 -17354480 -17597339 -17354480 -17811777 
17 -18597005 -17347729 -17567666 -17347716 -17774977 -17347729 -17567385 -17347729 -17788756 
18 -18621190 -17351547 -17571426 -17351540 -17782506 -17351551 -17574574 -17351540 -17780378 
19 -18611149 -17353234 -17566524 -17353218 -17768121 -17353227 -17567590 -17353220 -17766442 
20 -18759258 -17352670 -17592249 -17352663 -17818536 -17352660 -17583913 -17352659 -17820648 
21 -18709579 -17349447 -17658423 -17349446 -17926904 -17349455 -17664942 -17349449 -17913645 
22 -18725053 -17352468 -17725801 -17352463 -18090772 -17352477 -17854272 -17352462 -18091247 
23 -18764579 -17350664 -17558830 -17350664 -17768682 -17350666 -17562225 -17350652 -17774884 
24 -18541807 -17352751 -17593544 -17352744 -17825014 -17352759 -17595663 -17352743 -17820285 
25 -18813801 -17353138 -17823521 -17353133 -18046715 -17353150 -17699787 -17353127 -17978734 
26 -18729341 -17354291 -17617059 -17354277 -17856736 -17354295 -17613347 -17354283 -17854221 
27 -18640351 -17355646 -17716044 -17355650 -18042855 -17355643 -17829266 -17355648 -17953914 
28 -18655137 -17354334 -17686585 -17354320 -17970368 -17354332 -17702752 -17354323 -17978590 
29 -18626702 -17351946 -17623571 -17351938 -17865123 -17351953 -17635886 -17351953 -17865081 
30 -18685359 -17351718 -17653348 -17351708 -17891990 -17351713 -17653586 -17351711 -17911911 
31 -18413619 -17351994 -18163123 -18267335 -18321050 -17352001 -18184462 -17456652 -18299478 
32 -18575466 -17351741 -17673998 -17351734 -17954563 -17351733 -17675756 -17351722 -17952263 
33 -18390207 -17354277 -17488490 -17354267 -17653010 -17354278 -17491622 -17354270 -17656547 
34 -18728641 -17349952 -17852099 -17349944 -18184811 -17349940 -17860469 -17349931 -18133648 
35 -18707018 -17351231 -17854209 -17351413 -18230976 -17351225 -17821411 -17351250 -18192357 
36 -18834999 -17349582 -17593819 -17349576 -17828580 -17349585 -17592099 -17349570 -17832437 
37 -18811671 -17350596 -17733616 -17350584 -17985079 -17350597 -17732096 -17350594 -17978229 
38 -18468788 -17350075 -17562743 -17350079 -17774244 -17350085 -17559899 -17350084 -17776853 
39 -18535721 -17352070 -17903348 -17352072 -18176203 -17352066 -17867721 -17352068 -18138885 
40 -18606153 -17353152 -17659371 -17353140 -17919550 -17353144 -17662546 -17353134 -17930671 
41 -18620197 -17347440 -17579059 -17347435 -17812562 -17347452 -17579464 -17347434 -17813030 
42 -18698112 -17352561 -17602799 -17352547 -17845571 -17352564 -17599074 -17352543 -17831806 
43 -18785143 -17351650 -17655385 -17351644 -17895142 -17351648 -17623124 -17351643 -17893065 
44 -18567784 -17355085 -17646678 -17355077 -17891629 -17355091 -17646065 -17355081 -17903100 
45 -18654366 -17348745 -17652253 -17348745 -17913762 -17348751 -17653344 -17348734 -17925136 
46 -18585905 -17349756 -17551632 -17349748 -17761315 -17349747 -17551609 -17349753 -17758312 
47 -18651933 -17350859 -17721336 -17350846 -18040480 -17350858 -17738082 -17350849 -18017074 
48 -18591268 -17355117 -17708189 -17355113 -17991736 -17355123 -17712922 -17355121 -18001169 
49 -18790444 -17351289 -17713466 -17351272 -17999518 -17351281 -17742721 -17351277 -17979951 
50 -18746020 -17352846 -17546499 -17352840 -17760101 -17352842 -17553283 -17352846 -17755738 
51 -18773831 -17352873 -17738921 -17352867 -18041256 -17352873 -17755830 -17352863 -18064821 
52 -18573122 -17349467 -17633095 -17349442 -17876576 -17349465 -17643729 -17349442 -17893813 
53 -18774139 -17353998 -17632297 -17354001 -17897381 -17354016 -17637792 -17353997 -17885023 
54 -18748161 -17352464 -17660185 -17352460 -17946178 -17352465 -17667261 -17352449 -17937771 
55 -18567148 -17351181 -17769889 -17351177 -18006914 -17351180 -17799567 -17351180 -18019782 
56 -18697256 -17354103 -17673275 -17354085 -17947841 -17354095 -17670086 -17354085 -17953602 
57 -18560120 -17350434 -17507085 -17350433 -17692348 -17350434 -17504540 -17350433 -17689230 
58 -18665173 -17348180 -17709377 -17348161 -17988783 -17348182 -17705620 -17348162 -17992489 
59 -18694097 -17352235 -17734625 -17352215 -18075282 -17352229 -17744693 -17352223 -18044069 
60 -18786853 -17349448 -17570733 -17349441 -17777365 -17349442 -17565155 -17349438 -17784217 
61 -18719932 -17352953 -17648892 -17352933 -17880932 -17352943 -17634666 -17352938 -17885395 
62 -18692727 -17353892 -17720008 -17353879 -18053305 -17353885 -17730866 -17353875 -18039891 
63 -18602551 -17351673 -17601371 -17351657 -17822168 -17351661 -17609287 -17351659 -17839090 
64 -18527484 -17349467 -17623829 -17349462 -17860652 -17349484 -17610740 -17349466 -17861143 
65 -18641956 -17353996 -17802303 -17353990 -18078487 -17354001 -17811318 -17353995 -18107239 
66 -18688644 -17353936 -17572360 -17353919 -17782744 -17353930 -17569574 -17353918 -17784678 
67 -18729189 -17353298 -17743600 -17353287 -18076732 -17353293 -17792591 -17353287 -18013801 
68 -18639444 -17352629 -17600938 -17352614 -17841413 -17352629 -17609965 -17352617 -17836764 
69 -18787697 -17350842 -17700811 -17350827 -17947907 -17350830 -17677499 -17350822 -17954837 
70 -18641331 -17352761 -17621309 -17352753 -17857342 -17352755 -17619722 -17352738 -17860513 
71 -18584520 -17348731 -17653093 -17348727 -17909159 -17348735 -17648377 -17348729 -17902392 
72 -18779525 -17351559 -17612432 -17351552 -17848774 -17351567 -17595004 -17351547 -17843928 
73 -18683908 -17352903 -17710184 -17353000 -18210168 -17352898 -17735999 -17352901 -18005546 
74 -18718728 -17350840 -17637005 -17350830 -17897188 -17350835 -17627606 -17350826 -17903075 
75 -18710006 -17349835 -17614303 -17349822 -17857310 -17349831 -17613512 -17349826 -17860237 
76 -18743050 -17353135 -17627472 -17353134 -17867130 -17353140 -17620393 -17353133 -17858396 
77 -18663462 -17350860 -17844186 -17350857 -18159979 -17350861 -17819353 -17350863 -18166746 
78 -18768531 -17351900 -17704922 -17351895 -18044414 -17351899 -17699952 -17351892 -18027834 
79 -18561926 -17355487 -17535174 -17355471 -17739556 -17355481 -17537075 -17355482 -17741613 
80 -18760829 -17354796 -17686542 -17354795 -17975851 -17354799 -17698554 -17354791 -17962379 
81 -18634582 -17351940 -17795032 -17351923 -18078080 -17351943 -17925910 -17351925 -18085101 
82 -18841194 -17353194 -17754567 -17353177 -18070953 -17353190 -17776987 -17353186 -18086066 
83 -18551600 -17354278 -17568726 -17354269 -17782621 -17354263 -17569218 -17354263 -17785954 
84 -18824435 -17350608 -18072638 -17384535 -18251471 -17350602 -18004077 -17610723 -18291754 
85 -18679360 -17353132 -17615302 -17353127 -17836507 -17353127 -17615786 -17353129 -17838565 
86 -18837337 -17351025 -17616523 -17351021 -17848000 -17351040 -17598727 -17351015 -17840092 
87 -18775949 -17351964 -17652281 -17351961 -17916951 -17351967 -17672018 -17351958 -17905933 
88 -18738424 -17348859 -17544874 -17348845 -17758455 -17348853 -17546741 -17348844 -17753347 
89 -18494439 -17351753 -17738173 -17351754 -18076669 -17351763 -17776380 -17351754 -18072431 
90 -18707150 -17352427 -17553291 -17352430 -17762052 -17352430 -17549977 -17352424 -17762205 
91 -18687961 -17351472 -17714242 -17351476 -17980270 -17351474 -17691017 -17351471 -17954969 
92 -18586373 -17351778 -17575657 -17351766 -17794281 -17351777 -17569724 -17351774 -17791478 
93 -18781186 -17352442 -17597766 -17352436 -17833212 -17352440 -17600282 -17352439 -17846372 
94 -18452430 -17353073 -17565243 -17353056 -17790309 -17353060 -17571837 -17353058 -17788373 
95 -18686064 -17351683 -17613600 -17351672 -17862839 -17351684 -17608310 -17351676 -17863523 
96 -18697536 -17351001 -17599006 -17350997 -17831637 -17351001 -17609507 -17350998 -17838710 
97 -18634720 -17352742 -17684163 -17352734 -17951451 -17352736 -17675697 -17352726 -17948960 
98 -18535167 -17351278 -17697337 -17351267 -17990291 -17351271 -17753257 -17351266 -17934605 
99 -18718530 -17354723 -17531506 -17354717 -17732600 -17354725 -17535031 -17354710 -17729231 
100 -18741072 -17351439 -17588897 -17351428 -17797901 -17351432 -17585903 -17351431 -17798014 
