1 -188412569 -173525317 -176677130 -173525311 -179374577 -173525318 -176696048 -173525314 -179405340 
2 -188517879 -173514484 -178430821 -173514506 -181556902 -173514489 -178519071 -173514504 -181618036 
3 -188755411 -173527122 -176302641 -173527122 -178995997 -173527120 -176317870 -173527118 -179007773 
4 -188055916 -173515170 -176623514 -173515163 -179335819 -173515169 -176606005 -173515171 -179323425 
5 -188509080 -173518695 -178366629 -173530738 -181444459 -173518696 -178310129 -173530582 -181448852 
1 -188412569 -173525317 -176677130 -173525311 -179374577 -173525318 -176696048 -173525314 -179405340 
2 -188517879 -173514484 -178430821 -173514506 -181556902 -173514489 -178519071 -173514504 -181618036 
3 -188755411 -173527122 -176302641 -173527122 -178995997 -173527120 -176317870 -173527118 -179007773 
4 -188055916 -173515170 -176623514 -173515163 -179335819 -173515169 -176606005 -173515171 -179323425 
5 -188509080 -173518695 -178366629 -173530738 -181444459 -173518696 -178310129 -173530582 -181448852 
6 -188812081 -173519616 -176561806 -173519612 -179270879 -173519609 -176593137 -173519608 -179273080 
7 -188468737 -173525833 -178186964 -173527241 -181331470 -173525843 -178155960 -173527170 -181313352 
8 -188636400 -173519769 -178258552 -173519773 -181485296 -173519776 -178411559 -173519886 -181861601 
9 -188372611 -173520405 -176956806 -173520397 -179744173 -173520412 -176925241 -173520395 -179788554 
10 -187991992 -173522523 -176608141 -173522519 -179344271 -173522518 -176602143 -173522521 -179314125 
11 -188670365 -173528472 -178079155 -173528537 -181803818 -173528479 -178444323 -174765680 -182832202 
12 -188168170 -173518578 -175769354 -173518565 -178042115 -173518572 -175766467 -173518562 -178035646 
13 -188900077 -173525242 -179669258 -173561893 -183262979 -173525257 -179573245 -173540320 -183088524 
14 -188710854 -173548261 -180776150 -175422011 -182616112 -173534016 -179259432 -173557220 -182401855 
15 -188760734 -173524165 -177104815 -173524153 -180043535 -173524168 -177103849 -173524151 -180036217 
16 -188126361 -173517638 -176716522 -173517635 -179459348 -173517636 -176684649 -173517637 -179449362 
17 -188670214 -173517070 -176556729 -173517048 -179427398 -173517059 -176587471 -173517045 -179421092 
18 -188055196 -173525634 -177455668 -173525619 -180420173 -173525629 -177454779 -173525622 -180438603 
19 -188566493 -173521963 -178238231 -173522798 -181480827 -173521966 -178572461 -173522696 -181480898 
20 -188191952 -173521678 -180800491 -182583426 -183659239 -173523554 -182615550 -176153552 -183551318 
21 -187647227 -173518263 -175962396 -173518258 -178253206 -173518267 -175975736 -173518255 -178252623 
22 -187476383 -173522207 -176050877 -173522214 -178421671 -173522212 -176051407 -173522212 -178424607 
23 -188261620 -173527076 -177535412 -173527076 -180673521 -173527083 -177568986 -173527071 -180603944 
24 -188425272 -173521297 -175995138 -173521286 -178419444 -173521301 -175995838 -173521282 -178442577 
25 -188642009 -173521627 -176457942 -173521618 -179076915 -173521612 -176441925 -173521613 -179109270 
26 -187849207 -173525033 -180373426 -174267608 -183220811 -173525041 -180521637 -174452748 -183294796 
27 -188544195 -173517270 -176634797 -173517262 -179521838 -173517277 -176694154 -173517267 -179576237 
28 -188572392 -173525591 -177307208 -173525584 -180227641 -173525593 -177385468 -173525574 -180297935 
29 -188836495 -173525119 -178971317 -173525119 -182921109 -173525126 -178859389 -173525118 -182775040 
30 -188063007 -173522835 -175778429 -173522840 -178067098 -173522845 -175766038 -173522840 -178067664 
31 -188374550 -173530161 -176222193 -173530149 -178669494 -173530165 -176202106 -173530151 -178677465 
32 -188754412 -173517858 -178082714 -173517859 -181180060 -173517848 -178206159 -173517856 -181164527 
33 -188858902 -173526736 -178301712 -173527005 -181581092 -173526727 -178285508 -173527018 -181597307 
34 -188694291 -173524840 -176938812 -173524836 -179780915 -173524846 -176943252 -173524840 -179764380 
35 -188583677 -173527057 -178277466 -173527105 -181610942 -173527056 -178218790 -173527150 -181639249 
36 -188209613 -173528682 -176120117 -173528673 -178618298 -173528679 -176119007 -173528669 -178598631 
37 -188381257 -173526883 -177462593 -173526934 -180504197 -173526876 -177454391 -173526926 -180485195 
38 -188109097 -173530152 -179164616 -173530224 -182092365 -173530163 -179058019 -173530339 -182309591 
39 -188272752 -173523550 -177427234 -173523548 -180495044 -173523558 -177475420 -173523558 -180445794 
40 -188840458 -173530943 -177746501 -173530944 -180915120 -173530949 -177620191 -173530934 -180863842 
41 -188881907 -182637380 -183308225 -177639789 -184161964 -173527816 -182602291 -182674650 -184197376 
42 -188406192 -173530732 -177469007 -173530735 -180534289 -173530737 -177386137 -173530731 -180502701 
43 -188385167 -173524501 -178204140 -173524959 -181361389 -173524497 -178186529 -173524930 -181318778 
44 -188505870 -173524533 -179198973 -173539689 -182454077 -173524525 -179208458 -173543892 -182527110 
45 -188855664 -173509097 -178915336 -173509174 -182322600 -173509092 -178643866 -173509152 -182262426 
46 -188577774 -173521989 -176479076 -173521988 -179152621 -173521988 -176476057 -173521978 -179136226 
47 -188519459 -173523576 -176304506 -173523573 -178862527 -173523574 -176303643 -173523568 -178859361 
48 -188273629 -173513135 -176227086 -173513125 -178699754 -173513141 -176211797 -173513115 -178711757 
49 -188814062 -173525903 -176890647 -173525890 -179743115 -173525900 -176883611 -173525889 -179791619 
50 -188746399 -173534752 -177970394 -173534806 -181142264 -173534761 -177967055 -173534819 -181161865 
51 -188862392 -173523178 -181247594 -174731758 -183672748 -173523167 -180633191 -174532053 -183580984 
52 -188510938 -173521649 -176290264 -173521649 -178810016 -173521658 -176298504 -173521642 -178798908 
53 -188181445 -173527337 -176647290 -173527321 -179442371 -173527332 -176669068 -173527325 -179449383 
54 -188651321 -173529788 -176070771 -173529773 -178573484 -173529789 -176086315 -173529775 -178581307 
55 -188372433 -173517600 -176705326 -173517584 -179541977 -173517592 -176725528 -173517584 -179557316 
56 -188580243 -173535428 -177145056 -173535417 -180280119 -173535419 -177177821 -173535417 -180285332 
57 -187669292 -173519110 -177286777 -173519090 -180187222 -173519107 -177241085 -173519094 -180245369 
58 -188706344 -173527913 -177124668 -173527896 -180107199 -173527896 -177167867 -173527897 -180167554 
59 -188764945 -173524553 -177773482 -173524549 -181385758 -173524540 -177919916 -173524529 -181460870 
60 -188695249 -173528345 -177628980 -173528331 -180797678 -173528339 -177649341 -173528332 -180828456 
61 -188285020 -173527963 -176363341 -173527952 -178884221 -173527963 -176336656 -173527947 -178921116 
62 -188797204 -173524139 -176832943 -173524123 -179714282 -173524129 -176850981 -173524125 -179714765 
63 -188271660 -173531956 -177910787 -173531943 -181065994 -173531955 -177870791 -173531949 -181008342 
64 -188744046 -173522884 -177042426 -173522885 -180029832 -173522895 -177050459 -173522882 -180021253 
65 -188358239 -173522247 -176715379 -173522233 -179585883 -173522261 -176745026 -173522241 -179606476 
66 -188539086 -173520234 -176594981 -173520234 -179390146 -173520234 -176605634 -173520230 -179408099 
67 -188379298 -173519908 -175968799 -173519896 -178341037 -173519904 -175967182 -173519905 -178345858 
68 -188382113 -173522628 -177929082 -173522626 -180983608 -173522627 -177884403 -173522612 -180904640 
69 -188389507 -173528523 -176639200 -173528517 -179358861 -173528531 -176626196 -173528522 -179384785 
70 -188197588 -173511673 -176480263 -173511672 -179254290 -173511685 -176522353 -173511673 -179279525 
71 -188786764 -173520275 -180405195 -173520655 -182093754 -173520266 -178528733 -173548290 -182595034 
72 -188526600 -173522611 -176304483 -173522609 -178891503 -173522614 -176285402 -173522607 -178892609 
73 -188556532 -173524681 -178232389 -173524927 -181412271 -173524690 -178270818 -173524966 -181468309 
74 -188906704 -173529641 -176932277 -173529636 -180023810 -173529657 -176965297 -173529640 -179980739 
75 -187262185 -173521351 -176703766 -173521341 -179463790 -173521356 -176715377 -173521338 -179442999 
76 -188655848 -173520661 -176880678 -173520647 -180388183 -173520658 -177642522 -173520651 -180026685 
77 -188627352 -173527108 -177993579 -173527206 -181093674 -173527096 -178026256 -173527266 -181191283 
78 -187938113 -173529017 -176682123 -173529002 -179359598 -173529004 -176709166 -173529008 -179325351 
79 -188726412 -173521894 -179198962 -173522676 -182839718 -173521895 -179361726 -173522307 -182690889 
80 -188451041 -173527764 -177077396 -173527763 -180020344 -173527764 -177094098 -173527755 -180064070 
81 -187866884 -173521967 -176616014 -173521967 -179344899 -173521962 -176586352 -173521967 -179333960 
82 -188312797 -173523159 -177491445 -173523152 -180362679 -173523162 -177403275 -173523155 -180322564 
83 -188463680 -173526778 -177427190 -173526787 -180462672 -173526780 -177445774 -173526798 -180450142 
84 -187902744 -173527323 -176697439 -173527315 -179471841 -173527320 -176717315 -173527314 -179471196 
85 -188685775 -173516647 -176940039 -173516638 -179954283 -173516642 -176985269 -173516639 -179950918 
86 -188302201 -173533991 -178229128 -173533998 -181601874 -173533988 -178124005 -173534000 -181570879 
87 -188310479 -173521070 -176817387 -173521055 -179551185 -173521067 -176832432 -173521052 -179535109 
88 -187755014 -173521945 -176394457 -173521930 -178884601 -173521934 -176385491 -173521923 -178898939 
89 -188212717 -173523014 -176401390 -173523004 -178945509 -173523017 -176432531 -173523014 -178961878 
90 -188273288 -173527495 -176087972 -173527484 -178501045 -173527495 -176085707 -173527485 -178536549 
91 -188191039 -173519622 -176432920 -173519613 -179033608 -173519621 -176428192 -173519608 -179040561 
92 -188426306 -173523174 -176674561 -173523171 -179385663 -173523174 -176682604 -173523166 -179369938 
93 -188699395 -173523457 -178807907 -173523553 -181813589 -173523445 -179237188 -173523736 -182013213 
94 -188537713 -173514651 -176879498 -173514641 -179737661 -173514647 -176869251 -173514647 -179740690 
95 -187935105 -173522319 -176262019 -173522311 -178753598 -173522321 -176254906 -173522305 -178752297 
96 -188759462 -173525294 -179278131 -173526311 -182497468 -173525295 -179058245 -173526066 -182412594 
97 -188663560 -173530973 -176693317 -173530966 -179458269 -173530965 -176687032 -173530964 -179435614 
98 -188787424 -173522482 -177892600 -173522546 -181183698 -173522473 -178007741 -173522548 -181191011 
99 -188776993 -173516048 -177263675 -173516039 -180304862 -173516038 -177242367 -173516034 -180312970 
100 -188738419 -173524166 -176472145 -173524155 -179112423 -173524165 -176449508 -173524148 -179106225 
