1 11.262 14.761 14.926 16.563 13.469 
2 11.45 14.338 13.614 16.146 13.226 
3 11.536 14.411 14.252 14.266 13.911 
4 12.35 15.899 14.813 15.416 14.839 
5 11.861 14.778 14.282 15.228 13.895 
6 11.934 14.719 13.723 16.607 13.831 
7 12.019 14.831 13.922 16.438 13.59 
8 11.898 14.814 14.235 14.692 13.849 
9 11.874 14.847 14.107 14.928 15.406 
10 11.731 15.211 14.405 15.174 15.205 
11 11.842 14.666 13.73 16.482 13.793 
12 11.804 14.729 13.941 15.65 13.637 
13 11.834 14.745 13.782 14.65 13.631 
14 11.842 14.71 14.705 14.71 13.571 
15 11.847 14.749 13.655 16.194 13.593 
16 11.776 14.734 14.333 14.676 13.901 
17 11.777 14.694 13.992 14.608 14.458 
18 11.839 14.724 14.339 15.083 15.43 
19 11.836 14.661 13.898 16.338 13.804 
20 11.815 15.069 14.264 14.908 14.503 
21 12.12 14.948 15 15.075 15.259 
22 11.98 15.012 14.093 17.118 13.915 
23 12.249 15.246 14.999 14.858 14.845 
24 11.799 15.086 14.569 15.116 15.101 
25 11.967 15.127 14.391 16.82 14.027 
26 12.16 15.037 14.694 14.476 14.211 
27 11.954 15.004 14.395 16.636 13.764 
28 11.962 15.039 13.703 15.739 13.943 
29 11.308 14.299 13.331 14.429 14.029 
30 11.962 15.562 14.154 15.763 13.76 
31 11.753 14.739 14.183 14.712 13.906 
32 11.793 14.676 14.196 15.655 13.328 
33 11.924 14.708 13.643 15.112 14.025 
34 11.837 14.975 13.992 15.423 14.33 
35 11.965 14.875 14.487 15.215 15.176 
36 12.04 14.435 13.523 16.297 13.683 
37 11.443 14.463 14.069 14.538 14.088 
38 11.582 15.135 13.518 15.193 14.096 
39 12.777 14.648 13.116 14.309 12.973 
40 11.183 14.039 13.613 14.287 13.194 
41 11.105 14.424 13.96 14.534 13.752 
42 11.14 14.54 13.971 14.433 13.772 
43 11.216 14.447 13.215 14.211 13.655 
44 11.22 14.509 13.682 14.482 13.594 
45 11.167 14.656 13.669 14.365 13.494 
46 11.129 14.564 13.726 14.576 13.301 
47 11.159 14.558 13.28 14.643 13.256 
48 11.094 14.815 13.374 14.471 13.199 
49 11.054 14.672 13.454 14.759 13.779 
50 11.18 14.435 13.889 14.43 13.834 
51 11.131 14.987 14.466 15.725 14.298 
52 11.862 15.407 14.622 15.679 14.388 
53 11.836 15.121 13.754 15.1 13.901 
54 11.859 14.901 13.73 15.183 13.639 
55 11.868 15.303 13.712 15.595 14.437 
56 11.805 15.379 14.603 15.359 14.525 
57 11.806 15.411 14.615 15.244 14.321 
58 11.839 15.282 14.384 15.316 14.375 
59 12.36 15.799 14.52 15.98 14.754 
60 12.128 16.187 15.233 16.228 15.716 
61 12.242 15.827 15.046 16.175 15.733 
62 12.669 15.934 14.99 15.864 14.774 
63 12.406 15.73 14.821 15.773 15.056 
64 12.196 15.725 14.951 16.143 15.193 
65 12.813 16.237 14.558 16.012 14.88 
66 13.071 16.002 14.642 15.224 13.826 
67 12.792 15.732 15.005 15.866 14.424 
68 12.184 15.559 14.856 15.918 14.913 
69 12.309 16.446 14.823 16.23 14.838 
70 12.479 15.98 14.537 15.924 13.897 
71 12.131 16.522 14.484 16.522 15.128 
72 12.117 16.464 15.399 16.131 15.206 
73 12.826 15.523 14.126 15.295 14.029 
74 12.319 15.497 14.975 15.576 15.026 
75 12.36 15.819 14.615 17.554 14.909 
76 11.984 16.092 15.018 16.598 14.946 
77 11.921 15.737 14.139 15.861 14.236 
78 11.696 15.758 14.104 16.027 14.797 
79 12.386 19.988 15.579 17.027 15.923 
80 12.593 20.295 15.397 18.797 16.74 
81 12.979 15.96 16.211 16.034 14.751 
82 12.179 15.751 14.802 15.984 14.318 
83 12.582 16.497 15.648 15.819 15.191 
84 12.383 16.01 14.97 15.838 14.875 
85 12.205 15.822 14.711 15.419 14.938 
86 12.289 15.84 14.975 15.827 14.74 
87 12.282 15.901 14.728 15.727 14.645 
88 11.979 15.725 14.723 15.659 14.702 
89 12.027 15.817 14.794 15.777 14.319 
90 11.963 15.866 14.941 15.926 15.276 
91 11.989 15.574 13.728 14.467 13.396 
92 11.516 14.842 14.136 15.205 13.891 
93 12.154 15.784 15.073 15.368 14.719 
94 12.641 15.771 14.625 16.297 15.692 
95 12.279 15.578 15.236 15.978 14.01 
96 11.79 15.567 14.137 16.481 15.048 
97 12.137 15.648 14.166 15.367 14.131 
98 12.241 15.682 14.779 15.755 14.742 
99 12.208 15.753 15.419 15.611 14.097 
100 12.007 15.925 15.088 15.562 14.747 
