1 1648967 0.214466 16470.64 0.07196805 54935.51 0.1520693 16703.11 0.1380062 55895.27 
2 1602814 0.1623477 26581.52 0.1694954 127877.4 0.1916182 27486.13 0.1091799 132341.8 
3 1564952 0.1787518 10424.86 0.1666906 29212.58 0.1055405 10484.5 0.2661076 29266.93 
4 1633189 0.1265628 16858.36 0.0445908 56890.84 0.2903523 16670.04 0.07917291 56402.21 
5 1525349 0.2610957 33516.04 8.908941 117714.4 0.3107593 33011.62 8.550953 117251.7 
1 1648967 0.214466 16470.64 0.07196805 54935.51 0.1520693 16703.11 0.1380062 55895.27 
2 1602814 0.1623477 26581.52 0.1694954 127877.4 0.1916182 27486.13 0.1091799 132341.8 
3 1564952 0.1787518 10424.86 0.1666906 29212.58 0.1055405 10484.5 0.2661076 29266.93 
4 1633189 0.1265628 16858.36 0.0445908 56890.84 0.2903523 16670.04 0.07917291 56402.21 
5 1525349 0.2610957 33516.04 8.908941 117714.4 0.3107593 33011.62 8.550953 117251.7 
6 1595930 0.1371107 11947.17 0.07665622 32276.97 0.1335429 12129.93 0.04734583 32230.78 
7 1559896 0.06690881 40568.88 1.081498 146849.6 0.1136807 39986.71 1.050544 145390.8 
8 1575906 0.174296 20002.31 0.2674065 72646.56 0.2326661 21215.79 0.2222291 88527.3 
9 1653360 0.1283133 20937.06 0.1078873 69011.65 0.1024787 20350.27 0.09149346 70857.69 
10 1595469 0.1081501 16578.23 0.08163246 57084.72 0.1689805 16520.38 0.09265081 56143.09 
11 1611776 0.1705318 24471.19 0.1776689 96901.84 0.1915112 27065.7 7829.66 174680.9 
12 1478221 0.2317751 8224.301 0.2371599 24170.99 0.2256064 8201.998 0.1575085 24121.25 
13 1616721 0.1825051 75811.34 33.81663 308500.6 0.3082322 72205.45 12.97577 280287.5 
14 1611621 11.01271 77810.71 25836.53 162808.1 0.1548398 33829.18 18.90498 133448.1 
15 1622276 0.1373786 19186.65 0.2928716 63011.71 0.4117127 19255.32 0.1232041 62729.27 
16 1664287 0.2743703 17792.01 0.06805058 60418.9 0.1600898 17298.06 0.273303 60124.55 
17 1541149 0.06093542 11012.33 0.08516003 27957.58 0.1391049 11145.44 0.04929033 27915.86 
18 1629926 0.131474 25859.92 0.05538245 88864.82 0.1586567 25822.81 0.1522076 89706.38 
19 1535105 0.1868311 21190.55 0.7493182 113199 0.1766557 23831.14 0.5621776 112844.3 
20 1660300 0.1235187 172661.6 1486101 1986747 1.5444 657433.7 17538.27 1241497 
21 1634238 0.1025155 9839.439 0.1505001 31297.29 0.1387643 9959.234 0.1247534 31285.13 
22 1536075 0.3018964 9582.981 0.214772 29658.11 0.1245775 9571.852 0.3283681 29749.33 
23 1617222 0.1052554 24818.86 0.1955441 100300.9 0.08953117 25053.22 0.05241423 100030.5 
24 1572794 0.1118977 9739.575 0.1064477 29254.38 0.1681686 9708.52 0.1054625 29602.29 
25 1588336 0.1153968 11446.01 0.1386043 32083.06 0.2261317 11376.02 0.1278882 32584.45 
26 1611469 0.3500759 101625.7 2432.813 453192.6 0.2998957 108613.2 3956.551 489945.1 
27 1479346 0.3625525 12990.16 0.1402365 39740.98 0.1343267 13209.32 0.1510437 39876.25 
28 1612998 0.04538257 18124.69 0.1175218 55195.13 0.07072664 18725.31 0.08170311 56582.5 
29 1615377 0.2434354 54345.35 0.08308892 205141.3 0.1006581 50097.03 0.1386596 201141 
30 1508496 0.1658189 9052.933 0.2244133 26629.51 0.2131867 8929.356 0.1455344 26721.28 
31 1612179 0.1619602 10853.29 0.07247593 32996.5 0.08970602 10752.34 0.09445317 32894.16 
32 1584289 0.106451 21143.66 0.09914347 90119.62 0.05988652 22027.64 0.1185322 89381.02 
33 1607470 0.08461931 38873.21 0.2175945 137197.2 0.08107425 38770.11 0.3596629 138704.3 
34 1623992 0.1062013 16780.16 0.323412 52478.24 0.1175325 16780.11 0.2432479 52007.23 
35 1626894 0.06372317 44508.51 0.1045433 167352.7 0.1642974 43051.59 0.2100788 169210.1 
36 1607311 0.230206 11195.44 0.07226234 36540.02 0.1022592 11166.11 0.06626287 36182.47 
37 1541466 0.1690256 25546.11 0.1379921 87975.8 0.06691847 25497.11 0.1247449 87236.54 
38 1637758 0.2255332 38309.57 0.191416 157738.1 0.1673922 37074.82 0.3426612 177342.8 
39 1636997 0.06629373 26853.78 0.08203408 97553.23 0.2612139 27618.92 0.05703515 95365.94 
40 1610343 0.08263975 21982.67 0.2046755 82910.18 0.1147182 21871.14 0.1576268 80292.43 
41 1618855 1593398 1961964 53465.18 1102844 0.1427693 318095.6 1839173 1978532 
42 1603460 0.08420684 28492.47 0.13638 98053.62 0.152316 27175.53 0.1083211 96989.86 
43 1600802 0.2467422 42149.46 0.575703 154582.9 0.2311957 41776.57 0.3842756 151458 
44 1612401 0.5576133 57235.82 12.18531 227058.8 0.1100357 57593.12 15.99973 239154.7 
45 1622513 0.08250582 51118.32 0.3172544 218147.9 0.2397058 43396.14 0.2431601 212761.2 
46 1608774 0.1535862 13330.14 0.0869817 42571.29 0.2404221 13319.55 0.1524212 42326.82 
47 1582603 0.1935778 10478.55 0.0742923 30782.92 0.1828604 10462.71 0.07385962 30783.59 
48 1624465 0.1880411 11145.99 0.09635397 34903.04 0.07588767 11075.03 0.06392757 35111.02 
49 1601289 0.1135363 13652.37 0.08610417 40062.67 0.05944333 13718.95 0.1058029 40701.62 
50 1603448 0.1007913 30821.39 0.1266627 105302.8 0.09469463 30903.17 0.1387398 106004.6 
51 1615762 0.1853006 120871.3 7261.571 420886.6 0.09291448 91611.44 4633.716 381416 
52 1601774 0.1067783 11460.75 0.07372085 34585.74 0.2778848 11486.24 0.11189 34319.27 
53 1631243 0.1439261 17495.49 0.08485587 60246.78 0.2012964 17712.64 0.2137159 60395.2 
54 1555641 0.1946467 9260.624 0.394277 25685.71 0.1205888 9348.822 0.08142401 25746.7 
55 1524090 0.09910067 17534.22 0.1351551 58712.85 0.05606886 17759.44 0.1105125 59236.56 
56 1586707 0.1881102 20568.34 0.1775626 69506.61 0.08170026 20868.22 0.1686668 69762.46 
57 1691065 0.07079736 26056.54 0.1876457 91575.53 0.04574565 25294.63 0.2568021 94338.52 
58 1620685 0.07798445 22198.49 0.06246281 74464.79 0.2176437 22815.92 0.08036399 77356.36 
59 1608011 0.2043654 27648.79 0.1251742 102886.8 0.06210125 29399.59 0.02607091 104515.8 
60 1629165 0.1799768 27584.69 0.07919139 102315.8 0.1606885 27669.45 0.1562183 103830.3 
61 1542393 0.05593951 10343.11 0.1858247 28693 0.1404108 10258.78 0.0895836 28937.15 
62 1604184 0.05034349 15059.18 0.105351 43309.86 0.1401073 15117.1 0.1466928 43768.74 
63 1600084 0.2149662 24302.91 0.08412597 105047.7 0.09700626 23825.95 0.1030974 101939.3 
64 1575117 0.04075795 19151.66 0.05865054 62567.31 0.1103687 19337.13 0.07729265 62313.03 
65 1581677 0.08104444 17785.69 0.06651843 61173.31 0.1435864 18187.39 0.04728697 61797.84 
66 1560892 0.1943574 15487.42 0.1318226 50787.17 0.05646576 15698.25 0.1036086 51285.37 
67 1534878 0.1157743 8788.181 0.1225296 25162.99 0.0979239 8778.435 0.1710595 25208.02 
68 1548427 0.1011829 19222.26 0.4488426 66241.06 0.1429327 18919.96 0.09426395 63930.73 
69 1564212 0.2602904 16516.62 0.09982436 53697.1 0.1252617 16285.6 0.1420428 54542.62 
70 1555125 0.05847309 15110.74 0.1106566 50342.57 0.05450166 15672.57 0.1276241 50646.73 
71 1599265 0.1193498 49302.71 0.3165562 109614.4 0.0574975 21302.45 25.13835 169964 
72 1614424 0.1233941 11929.53 0.1342214 37602.16 0.1010332 11770.98 0.1580752 37568.78 
73 1610794 0.2355234 42903.61 0.2983834 152639 0.1150303 43749.25 0.3536212 156379.4 
74 1610990 0.1795466 14141.6 0.224751 40142.13 0.0838441 14391.25 0.1726928 39813.49 
75 1650402 0.1166991 17815.29 0.1553439 62883.08 0.2850659 17948.7 0.3738221 62337.19 
76 1528397 0.2000946 13125.32 0.09898144 47980.4 0.05847367 18251.13 0.1480548 41186.08 
77 1596207 0.1966191 33847.9 0.3342654 115564 0.2482056 34356.82 0.242439 120796.3 
78 1693747 0.1283057 17654.41 0.05373951 61485.83 0.174777 18035.74 0.06235144 59980.63 
79 1627204 0.148728 51456.39 0.6412631 254802.5 0.1056462 55784.14 0.4245551 237112.4 
80 1626952 0.1153309 22321.93 0.3380767 76296.45 0.1717075 22615.65 0.2805247 78378.42 
81 1618174 0.1766892 17591.82 0.04841527 60294.24 0.03431176 17241.59 0.07769214 59961.88 
82 1596201 0.1684425 20348.21 0.1334258 59631.46 0.1848346 19781.3 0.1272286 58727.48 
83 1568677 0.1485901 27553.63 0.1879975 95720.49 0.1355043 27869.65 0.08625997 94900.8 
84 1511316 0.07391065 14505.64 0.1856209 46596.81 0.1036527 14632.85 0.08504922 46533.03 
85 1602846 0.09584025 19371.88 0.1385996 66016.69 0.1042719 19874.43 0.04646932 65687.17 
86 1618954 0.1820236 31809.96 0.2670308 152295.2 0.3339437 30570.23 0.1467888 151410.4 
87 1621486 0.1444075 17199.94 0.06341653 55296.3 0.09200992 17324.24 0.04995562 54692.9 
88 1674404 0.09813877 13698.67 0.0831878 44649.54 0.1386748 13619.91 0.1430823 44924.95 
89 1623743 0.1172671 12283.74 0.03937406 38374.43 0.1342726 12587.25 0.1915937 38657.59 
90 1503559 0.1376656 9056.264 0.1621412 25021.58 0.1272334 9034.693 0.2003914 25213.43 
91 1625555 0.2884554 13426.83 0.06873248 43492.78 0.2187951 13411.8 0.104954 43679.42 
92 1636096 0.2024399 15380.82 0.3097966 50577.97 0.09330568 15495.69 0.1752094 49955.87 
93 1622244 0.169502 61813 0.2162705 245724.4 0.04452397 82516.05 0.215716 279870.8 
94 1612662 0.06369529 18259.08 0.1367931 60950.21 0.1001997 18088.74 0.04947036 61127.14 
95 1623607 0.1566682 11612.45 0.1624674 37002.61 0.04353211 11538.69 0.08903487 36968.21 
96 1601726 0.09727229 36746.17 1.574212 168112.5 0.2447714 33020.45 0.7013256 159764.1 
97 1621999 0.1420742 15027.72 0.06787615 48319.97 0.145241 14974.12 0.07504305 47682.3 
98 1602906 0.1398976 33893.9 0.1718995 122864.2 0.07496771 36149.84 0.1753591 123430.1 
99 1618922 0.1617388 21755.01 0.1791563 73426.25 0.4484102 21364.54 0.2265819 73499.47 
100 1602078 0.07185595 11813.16 0.07902383 33816.74 0.2828752 11702.63 0.1399299 33915.14 
