1 0.638852 0.9991942 0.9985322 0.999193 0.9970122 0.9991933 0.9985179 0.9991933 0.9969461 
2 0.3815087 0.9991701 0.9972017 0.9991683 0.9877804 0.9991692 0.9969885 0.9991701 0.986985 
3 0.7152554 0.9991765 0.9984698 0.9991759 0.9970152 0.9991759 0.9984691 0.999175 0.9970092 
4 0.5937784 0.9991927 0.9976092 0.9991927 0.9928649 0.9991936 0.99763 0.999193 0.9929082 
5 0.4756511 0.9991738 0.9911815 0.99913 0.8777039 0.9991748 0.9914596 0.9991309 0.8786615 
1 0.638852 0.9991942 0.9985322 0.999193 0.9970122 0.9991933 0.9985179 0.9991933 0.9969461 
2 0.3815087 0.9991701 0.9972017 0.9991683 0.9877804 0.9991692 0.9969885 0.9991701 0.986985 
3 0.7152554 0.9991765 0.9984698 0.9991759 0.9970152 0.9991759 0.9984691 0.999175 0.9970092 
4 0.5937784 0.9991927 0.9976092 0.9991927 0.9928649 0.9991936 0.99763 0.999193 0.9929082 
5 0.4756511 0.9991738 0.9911815 0.99913 0.8777039 0.9991748 0.9914596 0.9991309 0.8786615 
6 0.7135239 0.9991833 0.9986907 0.9991836 0.9974343 0.999184 0.9986878 0.9991824 0.9974302 
7 0.3543492 0.9992165 0.991289 0.9992125 0.9276745 0.9992165 0.9914625 0.9992143 0.9284158 
8 0.4508484 0.999225 0.9954738 0.999222 0.9684639 0.9992232 0.994866 0.9992207 0.9463825 
9 0.6895484 0.9991771 0.9981921 0.9991758 0.9956028 0.9991774 0.9982031 0.9991777 0.9955914 
10 0.4646292 0.999183 0.9972257 0.999183 0.9912141 0.9991846 0.9972391 0.9991833 0.9913848 
11 0.2829749 0.9991824 0.9978911 0.9991855 0.9906242 0.999182 0.9976099 0.9855402 0.6839578 
12 0.7734856 0.9991839 0.9986994 0.9991845 0.9978198 0.9991842 0.9987057 0.999182 0.9978148 
13 0.2695657 0.999188 0.9884402 0.998993 0.8962718 0.999188 0.9891946 0.9991078 0.9186187 
14 0.2867416 0.9991088 0.6880083 0.9562215 0.5214101 0.9991629 0.9952957 0.9991496 0.9317658 
15 0.3995939 0.9991694 0.9980623 0.9991703 0.9950167 0.9991691 0.9980129 0.9991691 0.9950608 
16 0.6830875 0.9992013 0.9980848 0.9992006 0.994947 0.9992009 0.9981049 0.9992009 0.9949802 
17 0.5783252 0.9991985 0.9985987 0.9991977 0.9973127 0.9991977 0.9985833 0.9991998 0.9973158 
18 0.3155529 0.9991853 0.9964718 0.9991865 0.9863574 0.9991859 0.9965388 0.9991862 0.9861658 
19 0.5674747 0.999176 0.9979142 0.9991742 0.9790437 0.9991766 0.9975495 0.9991757 0.9796037 
20 0.3268409 0.9991702 0.9786349 0.3939986 0.3531599 0.9991643 0.821538 0.9802605 0.5822391 
21 0.5633168 0.9991692 0.9988282 0.9991692 0.9980078 0.9991701 0.9988251 0.999171 0.9980074 
22 0.402462 0.9991693 0.998628 0.9991696 0.9974239 0.9991721 0.9986249 0.999168 0.9974136 
23 0.4065422 0.9991675 0.9982686 0.9991691 0.9955762 0.9991694 0.9982526 0.9991691 0.99573 
24 0.8322575 0.9991659 0.998739 0.9991662 0.9977857 0.9991662 0.9987399 0.9991668 0.9977629 
25 0.6856777 0.9991764 0.9987201 0.9991761 0.9974931 0.9991786 0.9987303 0.9991774 0.997464 
26 0.2954652 0.9991545 0.978155 0.9918973 0.5199889 0.9991561 0.9746204 0.988379 0.5069271 
27 0.3996366 0.9991815 0.9973412 0.9991825 0.9928291 0.9991825 0.9972671 0.9991831 0.9926458 
28 0.3441635 0.9991717 0.9984292 0.9991723 0.9962509 0.999172 0.9983946 0.9991717 0.9961239 
29 0.4035688 0.999181 0.9971634 0.9991804 0.9918315 0.9991785 0.9972802 0.9991791 0.9920204 
30 0.817523 0.9991741 0.9987031 0.9991725 0.9976851 0.999175 0.9987068 0.9991735 0.9976829 
31 0.6175137 0.9991928 0.9987652 0.9991925 0.9977971 0.9991921 0.9987707 0.9991949 0.9978015 
32 0.4417948 0.9992187 0.9977952 0.999218 0.9909037 0.9992172 0.9976131 0.9992178 0.9910822 
33 0.3295379 0.9992058 0.9931391 0.9992104 0.9619584 0.9992082 0.9931127 0.9992098 0.9616121 
34 0.3994388 0.9991603 0.998543 0.9991594 0.996955 0.99916 0.9985402 0.9991594 0.9969838 
35 0.3724598 0.9991604 0.9947231 0.9991595 0.9713802 0.9991617 0.9949079 0.9991564 0.9708809 
36 0.8095489 0.9992267 0.9986736 0.9992264 0.9973931 0.9992276 0.9986776 0.9992279 0.9974175 
37 0.4404687 0.9992152 0.9950621 0.9992131 0.9736511 0.9992156 0.9951018 0.9992149 0.974097 
38 0.3331032 0.9991617 0.9952786 0.9991621 0.9734393 0.9991617 0.9955364 0.9991615 0.9659435 
39 0.4126083 0.9991928 0.9964033 0.9991922 0.9848326 0.9991919 0.9963056 0.9991925 0.9851441 
40 0.3298044 0.9991818 0.9982703 0.9991834 0.9957954 0.9991818 0.9983308 0.9991821 0.9958866 
41 0.3196874 0.339653 0.3149535 0.9507937 0.3714388 0.999198 0.920234 0.3331718 0.3292594 
42 0.3943658 0.9991921 0.9956364 0.9991921 0.9824242 0.9991906 0.9958694 0.9991918 0.9828035 
43 0.2816297 0.9991893 0.9925707 0.999188 0.9470042 0.9991905 0.9925694 0.9991884 0.9489718 
44 0.3029445 0.9991469 0.9911443 0.9990707 0.8689644 0.9991488 0.9911157 0.9990517 0.8566132 
45 0.3779712 0.9991834 0.9971076 0.9991837 0.98811 0.9991837 0.9974577 0.9991828 0.9891054 
46 0.7146549 0.9991995 0.9981691 0.9991985 0.9956421 0.9991985 0.9981627 0.9991979 0.9956784 
47 0.6301508 0.999174 0.9986845 0.999174 0.9975243 0.999173 0.9986894 0.9991749 0.9975314 
48 0.4661459 0.9991776 0.998725 0.9991783 0.997658 0.9991783 0.9987203 0.9991776 0.9976401 
49 0.4136852 0.9992192 0.9983385 0.9992198 0.9965143 0.9992195 0.9983448 0.9992189 0.9964785 
50 0.3710301 0.9991891 0.9952937 0.9991848 0.9765454 0.9991891 0.9953307 0.9991848 0.9764939 
51 0.2865908 0.9991766 0.9513157 0.9808725 0.4962923 0.9991766 0.976143 0.9863616 0.5012375 
52 0.7642284 0.9991586 0.9987279 0.9991601 0.9977561 0.9991576 0.9987248 0.9991595 0.99776 
53 0.5902188 0.9991814 0.9980749 0.999182 0.9949395 0.9991811 0.9980369 0.9991805 0.9949235 
54 0.797367 0.9991678 0.9987858 0.9991669 0.997867 0.9991654 0.9987869 0.9991675 0.9978628 
55 0.397133 0.9991989 0.9967573 0.9992014 0.9888685 0.9992001 0.996707 0.9991995 0.988743 
56 0.4933949 0.9991767 0.9970911 0.9991771 0.9904717 0.999178 0.9970023 0.9991777 0.9903982 
57 0.3611559 0.9991853 0.9966478 0.9991875 0.9868285 0.9991874 0.9967331 0.9991875 0.986308 
58 0.6659067 0.9991619 0.9982015 0.9991616 0.9959625 0.9991613 0.9981697 0.999161 0.9958192 
59 0.4692884 0.9992036 0.9972131 0.9992018 0.9902935 0.9992021 0.9970395 0.999203 0.9900761 
60 0.3547483 0.999228 0.9976277 0.999228 0.9922794 0.9992277 0.9975955 0.9992274 0.992112 
61 0.5986555 0.9992033 0.9987624 0.9992039 0.9974535 0.9992039 0.9987764 0.9992046 0.9973758 
62 0.646842 0.9991819 0.9985748 0.9991813 0.997182 0.9991813 0.9985738 0.9991832 0.9971769 
63 0.3494814 0.9991776 0.9980545 0.9991782 0.9934069 0.9991773 0.9980817 0.9991776 0.9936945 
64 0.3979149 0.9991742 0.9965407 0.9991745 0.9881709 0.9991758 0.9965184 0.9991733 0.9882973 
65 0.5301843 0.999193 0.9973067 0.9991933 0.9915182 0.9991927 0.9972506 0.999192 0.9914142 
66 0.5129183 0.9991701 0.9973951 0.9991711 0.99244 0.9991701 0.997374 0.9991701 0.992341 
67 0.7441646 0.9991661 0.9987819 0.999167 0.9979188 0.9991661 0.9987841 0.9991658 0.997916 
68 0.4669777 0.9991696 0.996591 0.9991684 0.9845208 0.9991693 0.9967096 0.9991696 0.9857146 
69 0.474185 0.9991888 0.9972261 0.9991891 0.9915884 0.9991894 0.9972657 0.9991888 0.9914274 
70 0.6009504 0.9991858 0.9977359 0.9991854 0.9937183 0.9991864 0.9976859 0.9991867 0.9936505 
71 0.5124226 0.9991733 0.9955688 0.999172 0.9928316 0.9991723 0.9980193 0.9991717 0.9795063 
72 0.7705132 0.9991957 0.9984922 0.9991976 0.9968761 0.9991979 0.9985145 0.9991982 0.996868 
73 0.2881022 0.9991699 0.9929713 0.9991721 0.9584869 0.9991705 0.9928332 0.9991718 0.9557923 
74 0.7240108 0.999201 0.9983468 0.999201 0.9964399 0.9992013 0.9982993 0.9992016 0.9964656 
75 0.4466845 0.9991944 0.997129 0.9991953 0.9900644 0.9991954 0.9971005 0.999195 0.9901459 
76 0.4568415 0.9991606 0.9982858 0.9991597 0.994154 0.9991612 0.9973072 0.9991594 0.9954116 
77 0.3889033 0.9991902 0.9942236 0.9991868 0.9688445 0.9991889 0.9943123 0.9991899 0.9656529 
78 0.4326016 0.9991632 0.9984886 0.9991629 0.9968225 0.9991614 0.9984773 0.9991614 0.9968593 
79 0.3633382 0.9991735 0.996322 0.999167 0.9687808 0.9991735 0.9960214 0.999167 0.9749971 
80 0.5292687 0.9991862 0.9973671 0.9991868 0.9917314 0.9991853 0.9973494 0.9991868 0.9914801 
81 0.5225153 0.9991836 0.9973901 0.9991842 0.9918539 0.9991836 0.9974373 0.9991826 0.9918275 
82 0.3516829 0.9991736 0.9977977 0.9991729 0.9929683 0.9991723 0.9979052 0.9991739 0.9932121 
83 0.3245326 0.9991893 0.9950625 0.9991887 0.9772101 0.9991893 0.9949746 0.9991896 0.9773499 
84 0.3884636 0.9991848 0.9972934 0.9991848 0.9919833 0.9991851 0.9972679 0.9991839 0.991914 
85 0.6117021 0.9991873 0.9974044 0.9991855 0.9918289 0.999187 0.9973116 0.9991855 0.9919251 
86 0.4147144 0.9991664 0.997523 0.9991671 0.9897206 0.999168 0.9976847 0.9991671 0.9900187 
87 0.3990162 0.9991866 0.9985732 0.9991869 0.9969444 0.999186 0.9985685 0.999186 0.9969656 
88 0.4070074 0.9991829 0.9986577 0.999182 0.997441 0.9991823 0.9986586 0.999182 0.9974329 
89 0.4193309 0.9991823 0.998739 0.9991804 0.9976367 0.9991817 0.9987319 0.9991807 0.9976327 
90 0.7049781 0.9991663 0.9988276 0.9991669 0.9978417 0.9991663 0.9988239 0.9991672 0.9977952 
91 0.5954049 0.9991638 0.9980741 0.9991635 0.9952787 0.999165 0.9980772 0.9991626 0.9952521 
92 0.400988 0.9991743 0.9985646 0.9991746 0.9970785 0.9991746 0.9985603 0.9991759 0.9970939 
93 0.4008453 0.999194 0.9972276 0.999194 0.9927436 0.9991953 0.9967083 0.9991953 0.9915849 
94 0.5147455 0.9991646 0.9972546 0.9991646 0.9915701 0.999164 0.9972546 0.999164 0.9915861 
95 0.4100003 0.9992008 0.9984238 0.9992008 0.9966538 0.9992008 0.9984371 0.9992008 0.9966377 
96 0.4900906 0.9991895 0.9972228 0.9991858 0.9846363 0.9991892 0.997446 0.999188 0.986034 
97 0.6636843 0.9991934 0.9981847 0.9991925 0.9956865 0.9991922 0.9981875 0.9991931 0.9958344 
98 0.3225974 0.9991792 0.9944639 0.9991851 0.9705077 0.9991795 0.9939508 0.9991832 0.970261 
99 0.4159977 0.9991864 0.9974384 0.9991852 0.9922619 0.9991839 0.9974121 0.9991867 0.9923603 
100 0.7456837 0.9992035 0.9987223 0.9992038 0.9975754 0.9992041 0.9987306 0.9992041 0.9975886 
