1 116.293 177.84 148.38 183.717 146.25 
2 122.642 175.03 147.183 176.971 144.935 
3 113.425 176.277 142.684 180.463 142.885 
4 118.87 172.742 145.028 179.077 146.56 
5 113.93 174.101 154.262 186.1 147.28 
1 116.823 169.732 148.158 173.473 150.465 
2 116.377 170.419 149.428 169.374 144.382 
3 111.624 171.47 147.679 171.286 142.282 
4 111.375 170.681 142.108 171.317 148.327 
5 111.722 173.757 147.172 175.505 146.191 
6 111.571 169.783 144.642 169.947 147.383 
7 110.797 170.922 144.961 169.566 144.523 
8 111.321 168.819 147.729 165.208 142.094 
9 110.668 165.728 143.409 166.335 144.944 
10 111.497 165.996 143.951 164.423 143.196 
11 112.809 167.373 146.417 165.817 144.065 
12 110.662 166.466 148.497 170.92 143.953 
13 111.157 165.64 143.665 166.708 143.795 
14 113.12 166.78 145.585 164.523 143.787 
15 111.419 166.673 145.646 164.775 145.129 
16 110.958 167.628 144.783 166.155 144.732 
17 111.499 167.364 146.161 166.386 145.192 
18 110.92 168.659 143.456 162.612 142.169 
19 110.794 164.21 142.195 164.239 143.301 
20 111.664 166.101 144.922 165.063 144.439 
21 110.858 167.369 143.674 165.88 142.089 
22 112.898 166.862 142.698 165.532 142.189 
23 110.881 167.224 148.199 164.445 143.964 
24 110.776 167.126 143.971 166.028 143.268 
25 111.193 166.637 142.615 163.084 143.195 
26 112.61 164.599 142.941 163.044 142.776 
27 111.138 168.925 144.713 165.331 144.275 
28 111.111 166.443 142.673 165.106 140.877 
29 110.858 166.99 146.907 165.428 144.34 
30 110.434 168.872 143.482 165.084 141.205 
31 111.436 166.62 144.605 162.431 143.169 
32 111.077 166.761 147.008 164.624 143.795 
33 112.826 165.078 145.126 167.673 143.257 
34 111.418 167.665 146.612 165.476 143.218 
35 111.054 166.523 143.334 164.453 143.401 
36 110.552 165.817 144.597 167.14 145.183 
37 112.945 166.061 144.745 163.83 144.559 
38 110.495 164.718 146.227 162.744 143.921 
39 111.799 167.394 145.154 163.61 141.857 
40 113.001 165.976 146.27 166.263 143.019 
41 111.646 167.008 142.123 163.988 141.289 
42 111.08 164.665 144.405 164.732 143.791 
43 113.241 169.369 145.566 165.396 142.235 
44 110.785 166.772 145.932 168.153 145.046 
45 113.313 166.611 143.885 176.789 150.039 
46 118.218 175.934 153.988 170.546 152.633 
47 118.486 181.973 161.131 177.185 151.693 
48 115.915 173.956 149.682 170.094 147.716 
49 115.113 173.651 151.654 171.176 147.786 
50 116.506 172.254 148.185 171.644 148.922 
51 117.812 176.201 154.118 173.574 147.504 
52 119.428 173.03 151.813 169.732 149.517 
53 120.098 178.026 157.707 183.959 150.267 
54 117.749 173.869 148.386 163.844 142.506 
55 111.079 166.178 145.543 165.604 143.932 
56 110.979 167.086 144.104 164.776 140.925 
57 112.743 164.355 145.857 165.425 143.986 
58 111.509 166.236 144.803 165.88 143.201 
59 112.982 166.945 145.075 165.356 141.363 
60 111.346 164.746 142.599 162.615 141.77 
61 111.151 165.333 146.566 164.063 142.841 
62 111.009 166.137 145.592 163.789 143.69 
63 111.177 167.447 144.898 163.25 149.468 
64 114.103 168.703 145.278 167.43 144.496 
65 112.979 166.896 144.943 164.592 142.906 
66 110.868 166.147 142.616 162.961 142.064 
67 110.89 164.342 142.382 162.665 141.529 
68 111.144 163.794 145.544 163.924 144.7 
69 111.176 164.743 145.334 165.885 143.694 
70 112.466 167.678 145.446 166.144 143.917 
71 111.363 166.695 145.148 165.864 142.163 
72 112.411 166.342 145.536 165.271 141.651 
73 112.443 166.116 143.042 164.743 143.205 
74 111.179 165.663 142.212 163.926 141.738 
75 111.129 164.266 145.94 164.458 142.783 
76 113.02 166.084 142.832 162.582 141.607 
77 111.543 164.637 142.961 163.78 142.912 
78 112.617 165.828 145.415 167.284 143.09 
79 111.068 167.351 142.412 163.547 143.727 
80 113.25 167.349 143.434 163.154 142.661 
81 111.603 171.131 149.983 165.398 147.779 
82 114.971 170.247 144.807 165.459 154.461 
83 115.671 173.167 150.066 174.28 146.76 
84 115.004 176.287 147.673 171.839 160.436 
85 123.161 180.607 151.841 169.231 146.368 
86 113.345 170.406 143.594 164.927 143.975 
87 111.908 167.407 142.267 164.242 141.337 
88 111.099 165.737 142.624 163.474 142.752 
89 112.173 164.815 146.159 165.332 142.902 
90 113.525 167.051 144.375 166.739 146.044 
91 111.45 166.526 144.119 165.689 143.421 
92 111.315 166.176 145.241 165.853 145.027 
93 111.123 169.118 144.84 164.25 144.415 
94 110.834 167.502 143.705 164.662 142.024 
95 112.591 164.878 145.054 166.018 143.367 
96 111.118 167.329 144.845 166.848 144.452 
97 111.232 167.25 142.359 163.29 142.216 
98 111.556 165.449 145.432 165.903 142.962 
99 111.56 166.731 147.31 166.247 142.948 
100 113.072 166.642 143.978 164.855 143.478 
