1 0.5590474 0.999226 0.9989234 0.9992229 0.9983623 0.9992198 0.9989048 0.999226 0.9983742 
2 0.5177352 0.9991466 0.9981939 0.9991528 0.9958717 0.9991435 0.9982001 0.9991435 0.996209 
3 0.379931 0.9991079 0.9985804 0.999111 0.9974296 0.9991079 0.9985959 0.9991079 0.9973872 
4 0.4192953 0.9991396 0.9971175 0.9991365 0.99364 0.9991427 0.9978571 0.9991334 0.9906736 
5 0.4756953 0.9991419 0.9982297 0.9991419 0.9950945 0.9991481 0.9980465 0.9991481 0.9951265 
6 0.3812518 0.9992138 0.997942 0.9992076 0.9941336 0.9992107 0.9983787 0.9992169 0.9950995 
7 0.4148215 0.9992138 0.996834 0.9992138 0.9865715 0.9992169 0.9962898 0.9992169 0.9866259 
8 0.3920568 0.9992222 0.994922 0.9992222 0.9755034 0.9992253 0.9958212 0.9992253 0.9782196 
9 0.2987369 0.9991662 0.9959357 0.9991599 0.9817355 0.9991599 0.9962242 0.9991599 0.984476 
10 0.4046545 0.9990889 0.9895326 0.9990268 0.8435806 0.9990983 0.9908257 0.999005 0.8346474 
11 0.4264264 0.9992351 0.9975303 0.9992351 0.9929333 0.9992289 0.9976048 0.999232 0.9934156 
12 0.7105783 0.9992434 0.9989238 0.9992434 0.9981556 0.9992465 0.9989238 0.9992496 0.9981334 
13 0.7690245 0.9990886 0.9984251 0.9991011 0.9975073 0.9991011 0.9984827 0.9990917 0.9974071 
14 0.5027019 0.9992281 0.9987301 0.9992375 0.9978934 0.9992343 0.9986959 0.9992375 0.9978147 
15 0.3259534 0.9992299 0.9980304 0.9992206 0.9949176 0.9992237 0.9980606 0.9992299 0.9952574 
16 0.4904503 0.9991794 0.9988523 0.9991856 0.996963 0.9991794 0.9988435 0.9991856 0.9974786 
17 0.5284321 0.9991454 0.9988049 0.9991392 0.9979681 0.9991486 0.9987951 0.9991392 0.9978428 
18 0.4581723 0.9991701 0.9988724 0.9991732 0.9982212 0.9991701 0.9988573 0.9991732 0.9982356 
19 0.4724599 0.9991942 0.9988578 0.9991942 0.9982276 0.9991942 0.998836 0.9991973 0.9982642 
20 0.6996189 0.9991037 0.9982416 0.9991068 0.996388 0.9991006 0.9983255 0.9991068 0.9962731 
21 0.3883276 0.999197 0.998703 0.9991939 0.9972083 0.9991939 0.9986459 0.999197 0.997373 
22 0.4349934 0.9991575 0.9977461 0.9991606 0.9923107 0.9991606 0.9970259 0.9991575 0.9919461 
23 0.7787317 0.9991034 0.9985076 0.9991127 0.9973732 0.9991065 0.9984921 0.9991158 0.9972582 
24 0.4594299 0.9991732 0.9973185 0.9991888 0.9921367 0.9991795 0.9972477 0.9991732 0.9923933 
25 0.3790694 0.9991999 0.9966208 0.9991999 0.9917821 0.9991906 0.9984135 0.9991875 0.995594 
26 0.738923 0.9991949 0.9985208 0.9991918 0.9969826 0.9991918 0.9985295 0.9991855 0.9971385 
27 0.3083228 0.9991662 0.9983272 0.9991537 0.9866105 0.9991662 0.9948861 0.99916 0.9964658 
28 0.43042 0.9991509 0.9985023 0.999154 0.9961935 0.999154 0.9984494 0.9991478 0.9961906 
29 0.5625128 0.9990893 0.9985525 0.9990893 0.9976116 0.9990862 0.9986204 0.9991048 0.9976055 
30 0.4072384 0.9991318 0.9986418 0.9991318 0.9971427 0.9991256 0.9986385 0.9991318 0.9966761 
31 0.3086596 0.9990812 0.9389501 0.2802412 0.2745433 0.9990812 0.8904468 0.9895687 0.5997317 
32 0.3806737 0.9991199 0.9974753 0.9991168 0.9906701 0.999123 0.997466 0.9991168 0.9912175 
33 0.8931133 0.9991637 0.9988708 0.9991575 0.9984632 0.9991669 0.9988614 0.9991544 0.9984446 
34 0.3450317 0.9991452 0.9967382 0.9991265 0.9823017 0.9991358 0.9966145 0.9991389 0.98866 
35 0.3309514 0.9991014 0.9962314 0.9991014 0.9574456 0.9991077 0.996741 0.9990921 0.9735789 
36 0.7875053 0.9991952 0.9988075 0.9991983 0.9979934 0.9991952 0.9988101 0.9991952 0.9979812 
37 0.4148984 0.9991408 0.9982591 0.9991408 0.996516 0.9991377 0.9982281 0.9991408 0.9965798 
38 0.4226329 0.999282 0.9987397 0.9992789 0.9974426 0.9992851 0.9987428 0.9992758 0.9974524 
39 0.3462901 0.9991196 0.9950127 0.9991227 0.9735131 0.9991134 0.9957664 0.9991134 0.9806754 
40 0.3772174 0.999229 0.9985294 0.9992383 0.9968738 0.9992383 0.9985108 0.9992414 0.9967125 
41 0.4499509 0.9992475 0.9979415 0.9992475 0.9947415 0.999232 0.9979601 0.9992506 0.9947198 
42 0.3386908 0.9992608 0.9985702 0.9992702 0.9970929 0.999267 0.9985883 0.9992702 0.9972971 
43 0.4472746 0.9991755 0.9984981 0.9991724 0.9973832 0.9991724 0.9986551 0.9991786 0.9973524 
44 0.3563236 0.9992243 0.9982882 0.9992275 0.9966264 0.9992181 0.9982882 0.9992275 0.9963734 
45 0.4134728 0.9991351 0.9973316 0.9991289 0.9919091 0.999132 0.9973907 0.9991227 0.9909571 
46 0.656273 0.9992994 0.9986459 0.9992963 0.9974451 0.9992994 0.9986771 0.9992963 0.9974415 
47 0.4113094 0.9991499 0.9982169 0.9991592 0.993085 0.9991592 0.99812 0.9991499 0.9941179 
48 0.4148674 0.9991481 0.9955521 0.9991637 0.9758814 0.9991481 0.9953662 0.9991605 0.9745654 
49 0.4545531 0.9991195 0.9983812 0.9991257 0.9945122 0.9991412 0.998052 0.9991288 0.9952556 
50 0.8439754 0.9991975 0.9989382 0.9991975 0.9983692 0.9991975 0.9989382 0.9991975 0.9984057 
51 0.3084586 0.9991353 0.9965422 0.9991353 0.9847469 0.9991353 0.9961389 0.9991384 0.9829169 
52 0.3298941 0.9992378 0.998152 0.9992378 0.9952982 0.9992347 0.9980882 0.9992316 0.9949967 
53 0.3795302 0.9992159 0.9986402 0.9992221 0.9974055 0.999219 0.9986146 0.9992252 0.9973103 
54 0.4367382 0.9991758 0.9967774 0.9991665 0.9884239 0.9991727 0.9968187 0.9991603 0.989355 
55 0.4316213 0.9991427 0.9981829 0.9991582 0.9961541 0.9991582 0.9980607 0.999152 0.9959836 
56 0.5566227 0.9992382 0.9985613 0.9992319 0.9969895 0.9992288 0.9985863 0.9992288 0.9967159 
57 0.8324245 0.9992914 0.9989634 0.9992976 0.998143 0.9992945 0.9989603 0.9992945 0.9981741 
58 0.3935245 0.9992346 0.9961415 0.9992346 0.9836801 0.9992253 0.9963122 0.9992315 0.9831151 
59 0.460387 0.999161 0.9977677 0.9991579 0.9947046 0.9991579 0.9977279 0.9991454 0.9952577 
60 0.7131147 0.9991412 0.9987109 0.9991412 0.9980347 0.9991412 0.9987109 0.9991412 0.9979929 
61 0.5634646 0.9991323 0.9987053 0.9991354 0.9974191 0.9991354 0.9987302 0.9991199 0.9973477 
62 0.3262732 0.9990858 0.9972151 0.9990827 0.9879959 0.9990703 0.9971033 0.9990796 0.9889706 
63 0.747885 0.9991398 0.9986527 0.9991429 0.9976809 0.9991398 0.9986092 0.9991429 0.9975244 
64 0.325031 0.9991912 0.9982478 0.9991943 0.9964236 0.999188 0.9983462 0.9991943 0.9963997 
65 0.4056115 0.9992298 0.9974169 0.9992298 0.9864739 0.9992236 0.9972107 0.9992298 0.9792008 
66 0.5844289 0.9992054 0.9989678 0.9992048 0.9982299 0.9992017 0.9989771 0.9992017 0.9982262 
67 0.3377312 0.9993031 0.9980065 0.9992968 0.9883594 0.9992968 0.9969544 0.9993 0.9933859 
68 0.4517109 0.9992184 0.9985301 0.9992153 0.9968634 0.9992371 0.9985488 0.9992153 0.9968206 
69 0.4097837 0.9991542 0.9984445 0.999148 0.9971623 0.9991511 0.99861 0.999148 0.9971184 
70 0.4767141 0.9991352 0.9976446 0.9991352 0.9936461 0.9991321 0.9976694 0.999129 0.9937111 
71 0.3015384 0.9992458 0.996688 0.9992483 0.9885814 0.9992452 0.9969511 0.9992364 0.9890673 
72 0.4275429 0.9990608 0.9974893 0.9990546 0.994191 0.9990639 0.9977719 0.9990608 0.9944791 
73 0.2954794 0.9991945 0.9967222 0.9991945 0.931355 0.9991883 0.9964269 0.9991976 0.9869671 
74 0.3849 0.9991756 0.9987669 0.9991818 0.9972751 0.9991787 0.9987633 0.999185 0.9972262 
75 0.5338762 0.9991749 0.9977612 0.9991812 0.9939962 0.9991874 0.997811 0.9991874 0.993819 
76 0.4190611 0.9991954 0.9988362 0.9991954 0.9976307 0.9991923 0.9988326 0.9992047 0.9976975 
77 0.3881171 0.9991506 0.9973795 0.9991537 0.986477 0.9991569 0.9976126 0.9991475 0.9850704 
78 0.4572099 0.9991952 0.9975428 0.9991921 0.9934598 0.9992045 0.9976919 0.9992077 0.9935954 
79 0.6941708 0.9991955 0.9985159 0.9992018 0.9969137 0.9992018 0.9984973 0.9992142 0.9968485 
80 0.5833554 0.999148 0.9981593 0.9991355 0.9953273 0.9991386 0.9980665 0.9991355 0.9956002 
81 0.3226584 0.9991243 0.9973175 0.9991305 0.9885073 0.9991243 0.9929261 0.9991336 0.9878132 
82 0.473804 0.9991756 0.9970966 0.9991787 0.9844587 0.9991849 0.996525 0.999188 0.9801471 
83 0.5229569 0.9991329 0.9988847 0.999136 0.9981616 0.999136 0.9989002 0.9991329 0.9980965 
84 0.3901462 0.9991293 0.826272 0.9969508 0.5731297 0.9991169 0.9705866 0.8432937 0.4976785 
85 0.3977216 0.9992284 0.9988266 0.9992284 0.9977797 0.9992284 0.9988074 0.9992222 0.9977398 
86 0.745729 0.9991679 0.9984784 0.9991679 0.9973898 0.9991772 0.9985586 0.9991741 0.9974447 
87 0.3850621 0.9990709 0.9985612 0.9990833 0.9968136 0.999074 0.9984433 0.9990802 0.9969975 
88 0.8650684 0.999208 0.9988921 0.999208 0.9983365 0.999208 0.9988797 0.9992049 0.9983645 
89 0.3895071 0.9991809 0.9971592 0.9991934 0.9869145 0.9991809 0.9968305 0.9991809 0.9867824 
90 0.8135402 0.9990975 0.9987116 0.9991099 0.997937 0.9991037 0.998721 0.9991068 0.9979215 
91 0.4410029 0.9991247 0.9983857 0.9991278 0.9967134 0.9991216 0.9984815 0.9991278 0.9970347 
92 0.6855904 0.9991473 0.9987972 0.9991566 0.9978488 0.9991535 0.9988594 0.9991473 0.9978296 
93 0.8055008 0.9991488 0.9986844 0.9991551 0.9977241 0.9991582 0.9987005 0.9991551 0.9976502 
94 0.4172689 0.9990581 0.9981531 0.9990643 0.9961094 0.9990612 0.9980598 0.9990612 0.9959154 
95 0.4217576 0.9991423 0.9972352 0.9991392 0.9912259 0.9991392 0.9972817 0.9991517 0.9914607 
96 0.7665168 0.9991354 0.9984765 0.9991417 0.997135 0.9991292 0.9983999 0.9991448 0.9968803 
97 0.4324983 0.9992597 0.9962505 0.999266 0.9866121 0.999266 0.9966327 0.9992629 0.986646 
98 0.42977 0.9991849 0.9980495 0.9991849 0.9882935 0.9991756 0.9971941 0.9991787 0.9934293 
99 0.8407445 0.9991806 0.9989863 0.9991775 0.9984372 0.9991806 0.9989739 0.9991775 0.998445 
100 0.7617741 0.9991884 0.998868 0.9991884 0.9982588 0.9991853 0.9988705 0.9991822 0.9982583 
