1 1226994 1.156391 6880.429 0.9690407 21251.72 1.091173 6977.571 1.020244 21121.75 
2 1364502 1.007033 9628.861 1.536731 35822.38 1.665072 10137.52 0.5706369 32593.41 
3 1638727 2.003276 9507.659 1.446959 29817.12 1.514621 9376.963 0.909146 31269.88 
4 1458540 0.8099728 16385.86 1.119295 38534.26 1.676959 14833.45 1.083751 46397.49 
5 1644553 0.6806453 10817.83 1.467428 38194.5 1.039856 11598.4 0.8216733 38540.17 
6 1661834 1.174211 30630.12 2.003212 136254.2 0.5998232 19501.36 1.167478 100626.7 
7 1739715 0.919098 35819.89 0.998669 152790.8 2.065701 46765.05 1.572019 171096.8 
8 1589861 0.5468584 27635.7 0.8734113 102457.7 1.908888 24912.25 0.6104742 93304.17 
9 1609311 1.223674 22780.21 1.153403 82706.8 2.435456 21469.29 1.631293 75240.36 
10 1537683 0.9282969 46679.46 9.526339 167707.2 2.045977 42488.47 12.64128 170149.3 
11 1581960 0.8891759 13265.08 0.6765369 44900.17 0.9822292 13027.28 1.458698 42828.08 
12 1314383 0.9455655 7442.263 0.836593 19024.32 1.308533 7104.472 0.8263354 18729.49 
13 1586151 1.952754 13313.13 1.198996 33005.97 1.42099 12798.02 1.375027 35454.65 
14 1585975 2.512511 11648.41 2.685605 36059.55 2.543393 12550.45 2.747249 37680.97 
15 1690171 2.395533 16817.25 3.163748 56649.01 2.023103 15367.99 2.228366 52640.28 
16 1013191 0.6141048 7790.255 0.283701 20619.57 0.9127003 7651.604 0.4668506 19581.09 
17 1373305 1.252588 7814.688 0.6127616 23162.08 2.661282 7791.045 1.936095 23843.27 
18 1433742 4.22982 8115.737 2.555157 25080.96 3.154853 8342.102 2.517344 25205.1 
19 1505255 1.350792 7973.887 1.033184 24751.68 1.407156 8081.465 2.66583 24351.37 
20 1523526 0.543231 10354.99 0.5366763 30930.06 1.398459 9709.521 0.7333159 31543.44 
21 1646582 1.736464 15394.94 1.075917 55565.66 0.8310341 17334.97 0.5479591 50176.85 
22 1703589 1.815294 29565.3 0.8898877 162072.4 0.820295 62548.04 0.5482816 160579.2 
23 1339088 0.7317633 7475.958 2.472505 21273.4 4.040968 7650.755 1.641814 22146.2 
24 1160003 5.941489 10115.55 1.719521 33700.85 1.896968 10259.97 1.059686 33360.31 
25 1499279 0.5327226 22406.67 1.120368 50208.58 0.7490958 13503.86 0.7966147 37608.08 
26 1718282 1.169089 12207.12 0.971084 40269.67 1.512625 11980.39 0.9452057 39561.6 
27 1338812 1.70195 14116.86 1.100651 53878.5 0.5969903 24032.6 0.4327043 36661.81 
28 1607435 1.080364 18121.63 1.072213 72469.98 0.7521388 19929.77 1.160947 76709.45 
29 1666726 1.004092 13229.72 0.5702909 39050.08 1.495585 12813.99 1.005292 38771.56 
30 1569397 0.437155 13744.35 0.7675622 40640.92 1.172042 13807.62 1.269519 43499.26 
31 1904464 1.410174 256590.4 2130251 2132471 0.5415214 354307.6 4448.807 892411.5 
32 1753143 1.686914 21422.42 2.17338 79695.35 1.746111 21582.37 1.564271 79488 
33 436406.3 1.284369 3448.605 1.790086 11661.37 2.935837 3603.849 1.2704 11908.45 
34 1612680 3.543231 36634.8 1.785156 153691.3 2.993775 39090.52 4.677045 119304.8 
35 1594773 0.7595371 35554.07 3.285621 178827 1.0868 30372.52 0.7227424 166878.9 
36 1535468 1.381287 8855.702 1.737999 25213.23 0.7039422 8716.895 1.107406 25533.42 
37 1659031 1.993611 25865.79 1.626591 80701.26 4.168955 25714.35 1.931236 78254.09 
38 1562101 0.7546184 8413.326 0.6758958 27297.37 1.206997 8248.786 1.399917 27617.36 
39 1805832 2.292511 69584.31 1.270575 251613.1 2.52315 56504.16 0.9123797 198354.4 
40 1465672 2.268554 13977.74 1.810835 46804.72 1.234855 14138.56 1.764732 48538.55 
41 1338159 4.344661 9182.681 1.173728 30918.78 1.695636 9236.383 1.320162 30589.06 
42 1375975 0.9266456 9120.44 3.142794 28538.97 1.237567 9070.941 0.6375829 27431.2 
43 1695484 1.240649 16704.22 1.818642 50353.54 1.003975 12624.09 1.517643 49756.61 
44 1533671 1.297503 13361.77 0.676788 42930.4 2.227047 13274.83 1.069521 45092.72 
45 1555613 1.292341 18884.13 0.6345134 62556.5 3.116635 19033.71 1.785203 66290.7 
46 1459570 8.04085 7891.571 2.263928 24895.96 1.37263 7929.634 2.673087 24319.93 
47 1592702 0.5535786 19092.8 0.7961299 84520.18 2.431963 19817.37 0.9048487 74038.25 
48 1605678 0.9539812 24159.31 1.93894 86800.81 0.72654 24834.87 1.616607 91031.38 
49 1463116 0.3972702 14993.53 0.4434462 53591.59 0.9324179 17252.84 0.7712096 47874.73 
50 1365147 1.583669 6972.639 1.690415 20003.71 0.7891912 7327.651 1.22491 20188.55 
51 1610601 0.6105607 24473.42 0.3602342 86213.74 1.428888 26475.67 0.835538 97862.86 
52 1705630 1.497966 13277.06 0.7824627 44061.45 1.184763 14371.65 0.996836 47833.31 
53 1602877 2.166881 11686.94 1.582475 38583.28 2.274635 11834.23 0.9888338 36707.26 
54 1459653 0.9779318 15063.42 0.5602794 52512.1 0.8745872 15330.45 0.6402193 50575.19 
55 1898034 0.7388023 40357.5 0.713073 130526.7 1.714556 50123.74 0.8174548 143752 
56 1603738 1.612696 15632.99 0.7750102 48104.05 0.8781918 14882.13 1.47537 47451.02 
57 958617.1 1.282175 4891.434 0.7984985 16576.8 0.9609638 4739.358 0.9184061 16373.26 
58 1557024 1.406828 21738.25 0.7918773 71513.41 2.008764 21057.36 1.294385 71800.3 
59 1605585 1.407787 35458.71 0.9479728 173251.8 1.81341 38087.98 1.843671 141978.6 
60 1256492 2.240913 7528.609 3.427371 18049.74 2.326298 7234.83 1.735221 18502 
61 1342603 1.948527 11482.43 1.110475 29197.38 1.592626 11183.93 1.110415 29678.26 
62 1767661 2.284475 24117.13 1.928013 110660.6 2.340356 25755.23 2.54541 101937.8 
63 1844227 1.829953 12356.01 0.3356195 39925.6 0.6955882 13288.95 0.8605154 44566.61 
64 1327300 0.9618578 10382.08 0.7378369 31661.84 2.66055 9727.465 0.8780785 31963.07 
65 1515580 0.7580218 22693.7 1.257528 100761.6 1.226666 23455.47 1.812043 120423.6 
66 1425539 0.5031512 7817.875 0.9912494 23912.81 0.6978719 7707.255 0.8865468 23872.14 
67 1546937 1.775393 19071.74 0.7720567 83148.31 0.4942021 21288.58 1.346917 60607.87 
68 1721838 1.483853 10772.4 1.451599 37690.63 1.765514 11627.25 1.231737 36733.93 
69 1667459 1.205597 22474.19 0.7763452 68791.53 0.6214314 19323.41 0.4870795 73464.92 
70 1597914 5.604247 14410.98 2.962501 44424.37 3.282243 14208.72 2.328893 45530.11 
71 1590950 0.8988601 18872.08 1.277082 62470.87 1.012774 18317.47 1.818575 60101.48 
72 1373732 2.520409 11069.93 1.417353 32513.46 0.8925432 9625.208 2.524987 31538.3 
73 1722058 0.9824611 25067.31 2.253033 330654.5 0.839596 29761.19 1.202994 94874.54 
74 1522517 0.5251619 11137.13 1.449902 34483.97 0.6248621 10594.77 1.323515 34242.9 
75 1514162 0.9574807 13107.18 1.249082 42199.14 1.150482 13172.71 1.091886 43473 
76 1645622 1.201673 12152.55 0.6744959 39387.76 1.576717 11608.85 1.180082 36904.92 
77 1580587 5.129436 34209.22 1.550804 152971.3 1.38025 30395.98 4.392043 155239.6 
78 1587181 2.368127 23050.96 1.612763 97098.46 0.5859436 23463.91 0.6346602 92586.91 
79 1146273 3.234405 6194.513 1.861992 21697.19 2.104142 6388.686 1.119235 21952.89 
80 1731500 1.022561 20577.88 0.3297377 79311.66 0.7652526 22465.76 0.9419253 73327.7 
81 1534527 2.045054 25217.27 0.8738952 92316.03 1.19663 38646.8 1.858298 96070.79 
82 1547832 0.9131494 15843.34 0.9316773 51245.44 1.112517 16578.4 0.7633466 53908.21 
83 1281818 2.884941 7419.89 2.083215 22464.67 0.7719155 7488.266 2.011688 22437.45 
84 1572060 1.77348 101416.9 597.6246 283244.1 0.9047158 92110.39 50859.47 373435 
85 1549212 0.5892663 10375.33 0.6859147 29659.99 1.05512 10280.46 0.6045853 29406.64 
86 1577833 1.137059 10812.29 0.7838011 30611.03 1.077305 9650.244 0.9682823 29190.62 
87 1596726 1.519113 12898.33 1.27187 39632.5 0.7141273 14295.52 0.6463785 37441.79 
88 1336104 1.132782 7022.637 1.94793 19762.29 1.652986 7184.039 1.765274 19408.86 
89 1875121 0.5981411 33146.76 0.8786812 162834.8 0.9373994 42096.81 0.6801748 158502 
90 1378630 1.651717 7763.449 0.6911839 23534.65 1.317389 7531.947 2.287251 23599.64 
91 1798386 1.815799 26999.37 1.613535 106609.1 1.417481 23563.91 3.536589 90669.02 
92 1165892 1.428836 7785.015 0.9574836 20754.34 2.246848 7596.055 1.156477 20616.72 
93 1632318 2.049665 10523.23 1.278042 33579.36 1.50924 10609.79 2.378095 36453.51 
94 1222693 1.060011 7737.698 1.031935 26067.9 1.112132 8118.033 1.20835 25748.52 
95 1278778 4.058492 11804.47 2.351794 39662.27 3.436567 11260.57 1.870342 39834.84 
96 1707292 0.9439779 11457.1 2.243168 37887.27 0.416788 12328.59 0.8845131 39389.8 
97 1602228 1.618032 19618.06 2.395986 65181.93 0.6371863 18669.42 1.496116 64460.07 
98 1273725 0.7622668 13761.6 0.8350683 40414.61 0.9574818 16197.35 0.5689873 32374.35 
99 1205954 0.6238313 5664.524 0.9528147 17527.4 0.8987194 5938.423 0.6434788 16914.13 
100 1500285 1.38781 8937.558 1.239029 24945.75 2.201455 8799.534 0.8968784 24979.9 
