1 10.92102 3.586974e-05 0.1337902 0.000149976 0.5197502 3.58957e-05 0.1336014 0.0001531424 0.5180951 
2 10.59396 2.128064e-05 0.1294776 0.0001441034 0.5105253 1.338623e-05 0.1220908 0.000168639 0.5185483 
3 18.8085 0.0001263584 0.4795529 0.02821341 1.645707 0.0001627897 0.4858101 0.04705038 1.83079 
4 16.22757 2.696882e-05 0.2730678 0.005037782 1.084318 1.749782e-05 0.2696182 0.004512234 1.055418 
5 17.01696 5.472045e-05 0.3226247 0.008403847 1.226213 5.717847e-05 0.2967032 0.007713145 1.205709 
6 13.45269 1.564453e-05 0.196055 0.00225948 0.8122188 1.888866e-05 0.2092242 0.002089188 0.7989252 
7 10.29363 1.391029e-05 0.1193356 9.636869e-05 0.4917359 5.908414e-06 0.1228531 0.0001059048 0.4853077 
8 20.18449 8.304711e-06 0.2613796 0.00307996 1.117856 1.624373e-05 0.302175 0.002126853 1.046423 
9 17.67001 0.0001385907 0.5215919 0.06748931 1.935177 0.0001686577 0.5136525 0.07243381 1.966284 
10 27.01479 4.8262e-05 0.4551381 0.02215043 1.931817 5.043325e-05 0.4761972 0.09924533 2.636215 
11 22.19393 2.998304e-05 0.2368408 0.001018755 0.9542407 3.756561e-05 0.2622951 0.001215098 0.9852181 
12 12.24419 4.263391e-05 0.1592087 0.0004060489 0.6058737 2.849522e-05 0.1521562 0.000569105 0.5997841 
13 15.28607 5.348854e-05 0.2738434 0.006667492 1.086327 6.457248e-05 0.2713343 0.006123118 1.080858 
14 12.01722 2.53732e-05 0.147588 0.0004418597 0.6089031 2.937095e-05 0.1680804 0.0004677207 0.6120336 
15 16.95396 2.981077e-05 0.2537487 0.003160142 1.014209 3.010396e-05 0.256294 0.002802246 1.000308 
16 19.32661 0.0001729985 0.5221404 0.06735495 2.004137 0.0002514397 0.5548379 0.06187859 1.974147 
17 15.3459 1.827242e-05 0.1710511 0.0002074663 0.6164089 1.351329e-05 0.1413858 0.0002864768 0.6309685 
18 17.46549 1.434891e-05 0.209022 0.001212763 0.886181 1.624955e-05 0.2247817 0.001708897 0.9516464 
19 5.945554 1.056424e-05 0.08432182 1.070454e-05 0.3301986 4.098552e-05 0.0792722 4.444392e-05 0.3338368 
20 29.87424 2.543349e-05 0.2251226 7.946368e-05 0.9170352 2.273478e-05 0.2660738 6.867916e-05 0.855883 
21 12.82194 4.24114e-05 0.1301756 4.992386e-05 0.4714201 2.43756e-05 0.1230063 6.300707e-05 0.5106608 
22 21.16716 0.0005145047 0.6952214 1.121982 2.344973 0.001232804 0.8388608 0.1520183 2.591142 
23 7.283505 1.226848e-05 0.0906654 1.47649e-05 0.3566957 2.251615e-05 0.09029009 8.970808e-06 0.3697131 
24 15.67388 3.018374e-05 0.2695974 0.005585797 1.069463 3.392719e-05 0.2674268 0.005047723 1.053436 
25 18.95543 0.0005639114 0.716309 0.2269658 2.693535 0.0002613318 0.5969218 0.3490948 3.054822 
26 21.20281 0.0001965689 0.5116041 0.05189385 1.97523 0.000215019 0.5604111 0.06539316 2.090187 
27 13.94391 3.90943e-05 0.1593898 0.0002101378 0.5910405 4.057317e-05 0.1372818 0.00014582 0.5579425 
28 12.58634 2.055636e-05 0.1581462 0.0003167019 0.6015128 1.405833e-05 0.1531745 0.0002797575 0.5885481 
29 16.06229 6.321797e-06 0.2079496 0.002335428 0.9450815 9.109978e-06 0.2445398 0.002075767 0.9162665 
30 20.72432 0.002568816 0.9881393 0.2965758 3.041877 1.096001 1.363515 1.109094 2.211219 
31 12.97035 2.878105e-05 0.1691917 0.0008201776 0.6884619 1.97994e-05 0.1725854 0.0007062979 0.6612786 
32 14.45528 9.752628e-06 0.1837504 0.0007130574 0.7415606 1.244092e-05 0.1874634 0.0005274952 0.7064727 
33 13.34642 1.903992e-05 0.1961869 0.001649567 0.7592792 2.40879e-05 0.1951302 0.002096994 0.8010421 
34 9.953758 3.977117e-05 0.1040984 3.183269e-05 0.4300858 2.62882e-05 0.1039445 3.350644e-05 0.4152043 
35 15.12985 1.746366e-05 0.2415014 0.003704269 0.9742229 3.361297e-05 0.248488 0.004113661 0.9789573 
36 12.83711 1.071821e-05 0.1746141 0.0006067335 0.6653782 1.905369e-05 0.1683706 0.0006736904 0.6812783 
37 19.14127 8.356795e-05 0.3946233 0.02423504 1.588628 0.0001284162 0.4592179 0.02505292 1.591482 
38 23.10227 3.209359e-05 0.2521813 0.00181899 1.093043 3.355523e-05 0.2940143 0.001719669 1.102608 
39 17.06061 4.0163e-05 0.3610398 0.01255104 1.329821 2.666223e-05 0.3392634 0.01265238 1.345019 
40 15.54259 2.453331e-05 0.2176691 0.001690716 0.8780417 3.175972e-05 0.2279863 0.00166631 0.8822824 
41 15.87067 0.0005528126 0.6240618 0.1563153 2.27419 0.001410676 0.7694371 0.1829841 2.374647 
42 20.80495 0.0002940426 0.5663864 0.07191857 2.09275 0.0002084576 0.5560722 0.06538261 2.068477 
43 16.46872 3.119243e-05 0.3076796 0.008315834 1.201103 4.893183e-05 0.3097361 0.008678716 1.212717 
44 16.73417 3.333697e-05 0.1823323 0.0006606863 0.7892841 3.471002e-05 0.2127739 0.000695284 0.8060029 
45 12.57104 1.214129e-05 0.1167645 4.63966e-05 0.4741566 1.166263e-05 0.1416857 0.0001150141 0.5312034 
46 15.72854 5.379333e-05 0.2943817 0.008922957 1.184949 3.902598e-05 0.3027117 0.008326939 1.17292 
47 15.55985 5.615103e-05 0.2595301 0.004434206 1.009433 6.662764e-05 0.2643126 0.004279746 0.9990087 
48 15.03524 2.031171e-05 0.2187007 0.00170068 0.8398798 1.412249e-05 0.211733 0.001670238 0.8562438 
49 8.341181 4.675695e-05 0.1130799 0.0001551958 0.5460397 4.183207e-05 0.1306516 3.299957e-05 0.450443 
50 31.81304 9.006852e-05 0.5629199 0.01082101 1.807229 7.059043e-05 0.518873 0.01550737 1.918202 
51 20.35351 0.000173402 0.5427324 0.1019299 2.2521 0.000290533 0.6120196 0.1535511 2.472966 
52 11.81872 1.868771e-05 0.1204722 5.740937e-05 0.4800027 1.634842e-05 0.1332967 9.119587e-05 0.5153654 
53 20.25514 7.376089e-05 0.4598739 0.03269824 1.774239 7.153186e-05 0.4638181 0.03267109 1.795863 
54 13.60997 1.785223e-05 0.1383815 0.0001344549 0.5863138 1.588215e-05 0.1444244 0.0001816942 0.6101925 
55 18.88537 0.0001180782 0.5139214 0.06055414 1.922148 0.0001417981 0.5307417 0.08187725 2.072836 
56 22.73123 0.0001283413 0.5623752 0.04440531 2.017687 0.0003778599 0.6802119 0.06563325 2.191776 
57 12.38716 1.987159e-05 0.1629015 0.0005232029 0.652334 2.77829e-05 0.1576768 0.0005686197 0.6411143 
58 7.238007 1.654681e-05 0.09619855 2.437161e-05 0.3799053 3.753965e-05 0.09387107 2.790798e-05 0.3749244 
59 7.757576 1.531371e-05 0.1131226 3.812161e-05 0.5071648 2.555657e-05 0.1229694 2.571541e-05 0.4636727 
60 17.31399 1.687461e-05 0.2507081 0.002336757 0.9934465 2.722748e-05 0.2434612 0.002389602 0.9943782 
61 20.03572 5.349588e-05 0.3285507 0.007627935 1.268421 3.202282e-05 0.3147345 0.00457864 1.126374 
62 9.538855 1.448122e-05 0.1082273 3.520925e-05 0.4225477 1.65049e-05 0.108992 2.101644e-05 0.4083182 
63 26.42048 1.76696e-05 0.2717711 0.0009777306 1.163959 1.107738e-05 0.2117169 3.126972e-05 0.78066 
64 19.73279 1.297537e-05 0.2296325 0.0008815649 0.8975463 1.753814e-05 0.248857 0.0008203376 0.8795713 
65 17.10155 3.585531e-05 0.3515414 0.01242201 1.317248 4.821628e-05 0.350729 0.01282042 1.341131 
66 17.74077 1.130195 1.384366 0.7601379 4.052241 0.002242369 0.8865036 0.5298362 3.472338 
67 15.70977 4.499522e-05 0.2764777 0.006746714 1.099993 3.926311e-05 0.2877008 0.007137438 1.114427 
68 21.90818 8.808754e-05 0.4370667 0.02179729 1.702805 6.279507e-05 0.3887614 0.01692188 1.614671 
69 18.76034 2.766694e-05 0.2680618 0.003000985 1.075777 1.726503e-05 0.2423148 0.003148954 1.064605 
70 13.87067 1.568004e-05 0.1636446 0.0007141581 0.7174543 2.160305e-05 0.1784154 0.0006395745 0.6988241 
71 20.79374 0.0002450082 0.6402452 0.1811742 2.677171 1.115525 1.410068 1.084146 2.188825 
72 16.3905 0.0001082656 0.4129422 0.02963856 1.54577 0.000149297 0.4218565 0.03612128 1.613505 
73 17.99454 1.546176e-05 0.1491711 3.062841e-05 0.5877391 1.752503e-05 0.1470059 2.601101e-05 0.6066279 
74 22.70168 2.024772e-05 0.1656567 6.618642e-05 0.7057383 1.626724e-05 0.289397 0.0004114981 0.8575244 
75 20.6152 9.103377e-05 0.4809651 0.1057181 2.298445 0.0005426738 0.6801447 0.05863693 2.001171 
76 16.73448 0.0001456501 0.4836942 0.1517779 2.290307 0.000228711 0.5085058 0.134871 2.224209 
77 4.984375 1.395456e-05 0.07670256 1.616821e-05 0.3139183 1.35144e-05 0.08217999 4.916462e-06 0.3007544 
78 15.48964 3.67317e-05 0.2769918 0.007071281 1.105384 2.557682e-05 0.2816433 0.007130392 1.120256 
79 16.5564 0.00021609 0.5390414 0.0834828 1.970529 0.0001199377 0.4955073 0.07878265 1.93941 
80 15.10134 2.092097e-05 0.1377343 5.738667e-05 0.5472371 1.370732e-05 0.1536867 1.010897e-05 0.5518303 
81 17.75845 4.128312e-05 0.3522176 0.01977219 1.515142 7.117539e-05 0.3999969 0.02665005 1.603272 
82 21.26877 0.0001311266 0.5095196 0.04993525 1.992535 0.0001164554 0.5109945 0.04081479 1.886431 
83 11.1476 8.872924e-06 0.1404649 0.0002663858 0.5415236 2.281386e-05 0.139523 0.0002720766 0.5640622 
84 6.903124 1.840979e-05 0.08888469 1.085215e-05 0.3569001 1.298378e-05 0.09010984 2.769451e-05 0.350665 
85 18.56421 0.0003537632 0.5994872 0.0501318 1.827562 0.0003330681 0.5879891 0.08664964 2.079014 
86 16.00223 2.714002e-05 0.2326433 0.001725383 0.8817262 3.621647e-05 0.2262361 0.001900099 0.8940548 
87 11.96197 1.569604e-05 0.1432567 0.0003778981 0.5753116 1.609659e-05 0.1478275 0.0003693883 0.5839926 
88 15.94359 6.433977e-05 0.3329366 0.01422306 1.302864 7.047589e-05 0.3353708 0.01410083 1.29928 
89 14.28231 1.496025e-05 0.1565219 0.0001543898 0.5938471 9.172494e-06 0.1366159 8.570923e-05 0.5657346 
90 11.56549 8.832753e-06 0.136845 0.0002705415 0.5723877 7.230815e-06 0.1498595 0.0001460668 0.5074117 
91 7.099948 2.771729e-05 0.09603187 1.28541e-05 0.3693858 3.240613e-05 0.102253 1.366381e-05 0.3686632 
92 16.36 3.173125e-05 0.367952 0.01898223 1.423287 2.886672e-05 0.3490672 0.01821835 1.403269 
93 14.85328 1.858234e-05 0.1527924 0.0001719084 0.6315099 7.949433e-06 0.1570218 0.0001550929 0.6184886 
94 18.13175 1.173844e-05 0.1716696 2.000097e-05 0.5953127 3.169358e-05 0.1549142 7.301126e-05 0.6135178 
95 16.51901 7.278666e-05 0.3738066 0.02107178 1.466308 6.803239e-05 0.3568313 0.01769721 1.394541 
96 11.35074 2.398014e-05 0.1253247 0.0001131236 0.5004889 5.983046e-05 0.1284531 0.0001342931 0.5139169 
97 18.49773 4.083917e-05 0.3511882 0.01239306 1.380236 2.480713e-05 0.350455 0.01095417 1.34223 
98 15.68216 6.187716e-05 0.318768 0.01127217 1.225298 8.071916e-05 0.3154573 0.0105125 1.216273 
99 13.09315 1.053446e-05 0.1452761 0.0001404728 0.5651338 2.742979e-05 0.1384036 8.732602e-05 0.5415719 
100 11.91551 2.619039e-05 0.1533553 0.0004049863 0.597691 1.528911e-05 0.1548508 0.0004529323 0.5964259 
