1 -2007599 -1255335 -1532550 -1255423 -1695607 -1255335 -1533212 -1255423 -1696637 
2 -2015704 -1253970 -1532343 -1254041 -1698145 -1253980 -1528522 -1254046 -1700789 
3 -2037472 -1251405 -1655348 -1263161 -1812226 -1251437 -1656782 -1269232 -1821860 
4 -2025154 -1254590 -1595759 -1257198 -1767007 -1254593 -1593942 -1256889 -1764476 
5 -2029592 -1253686 -1612397 -1257555 -1781081 -1253683 -1603828 -1257250 -1779449 
6 -1999907 -1249118 -1552632 -1250292 -1725457 -1249116 -1558694 -1250174 -1724526 
7 -2006434 -1254861 -1523592 -1254922 -1691143 -1254858 -1526244 -1254917 -1690876 
8 -2086912 -1251898 -1596798 -1253334 -1783043 -1251895 -1610534 -1252853 -1777216 
9 -2032213 -1252111 -1665112 -1275619 -1826041 -1252104 -1661589 -1276847 -1827546 
10 -2288799 -1255345 -1666638 -1264728 -1858956 -1255349 -1673354 -1285941 -1890916 
11 -2176717 -1254044 -1594935 -1254502 -1775703 -1254046 -1600810 -1254585 -1778829 
12 -2012428 -1253034 -1543271 -1253196 -1708823 -1253031 -1540258 -1253214 -1708442 
13 -2018133 -1254265 -1592190 -1257271 -1764907 -1254256 -1592080 -1257076 -1764369 
14 -2011595 -1253088 -1538892 -1253294 -1710770 -1253080 -1549210 -1253296 -1710721 
15 -2035184 -1252198 -1589644 -1253707 -1765215 -1252199 -1590561 -1253606 -1763985 
16 -2042925 -1251548 -1666617 -1275004 -1833450 -1251575 -1673306 -1273509 -1832910 
17 -2080877 -1252703 -1562824 -1252788 -1727197 -1252700 -1547809 -1252800 -1728942 
18 -2046391 -1252811 -1574479 -1253470 -1753461 -1252815 -1578539 -1253730 -1761067 
19 -1965644 -1254168 -1496392 -1254166 -1649377 -1254175 -1490071 -1254166 -1651191 
20 -2375954 -1250062 -1596931 -1250094 -1787138 -1250060 -1623413 -1250070 -1777230 
21 -2072791 -1251757 -1541306 -1251763 -1699958 -1251759 -1534950 -1251770 -1709558 
22 -2062879 -1253220 -1702442 -1465317 -1874128 -1253536 -1719391 -1293985 -1865564 
23 -1992799 -1253764 -1503557 -1253764 -1659957 -1253764 -1503285 -1253764 -1664099 
24 -2017391 -1250838 -1588367 -1253430 -1760762 -1250831 -1587691 -1253290 -1759159 
25 -2035823 -1251101 -1696013 -1303786 -1850748 -1250911 -1678955 -1319695 -1854710 
26 -2063555 -1252532 -1667683 -1271095 -1839821 -1252558 -1677950 -1274735 -1845534 
27 -2043627 -1253147 -1552033 -1253226 -1716821 -1253145 -1542509 -1253195 -1712643 
28 -2017515 -1253847 -1545879 -1254025 -1710530 -1253848 -1543400 -1253982 -1709681 
29 -2028435 -1251874 -1569074 -1253140 -1754922 -1251879 -1583897 -1252986 -1752229 
30 -2054304 -1251170 -1723895 -1313047 -1868300 -1462010 -1738510 -1462044 -1867788 
31 -2014598 -1254436 -1551561 -1254839 -1723167 -1254439 -1552321 -1254763 -1717841 
32 -2025564 -1254494 -1560219 -1254911 -1732877 -1254491 -1562031 -1254777 -1730048 
33 -2003165 -1250897 -1556412 -1251712 -1722158 -1250894 -1555905 -1251920 -1727659 
34 -2032391 -1251393 -1517922 -1251392 -1686650 -1251394 -1518769 -1251389 -1682090 
35 -2018681 -1255754 -1580560 -1257495 -1755088 -1255758 -1583901 -1257676 -1754536 
36 -2005692 -1255243 -1549725 -1255579 -1714218 -1255249 -1546377 -1255627 -1716240 
37 -2043251 -1253161 -1636537 -1263135 -1811778 -1253181 -1653937 -1263456 -1811010 
38 -2206379 -1254251 -1603621 -1255009 -1792482 -1254249 -1616304 -1255044 -1793362 
39 -2030386 -1255692 -1625167 -1261695 -1789437 -1255687 -1618840 -1261741 -1791542 
40 -2025723 -1256575 -1572948 -1257490 -1748949 -1256589 -1579593 -1257492 -1749063 
41 -2020935 -1253480 -1673360 -1295201 -1829017 -1253905 -1690052 -1299523 -1830757 
42 -2054993 -1253027 -1678323 -1277371 -1841606 -1253019 -1678033 -1275762 -1842111 
43 -2026024 -1254379 -1605264 -1258238 -1777595 -1254385 -1607696 -1258417 -1778817 
44 -2063181 -1251847 -1563564 -1252127 -1746825 -1251852 -1577300 -1252167 -1749134 
45 -2067521 -1255525 -1534805 -1255531 -1705665 -1255526 -1550197 -1255566 -1715715 
46 -2020611 -1254055 -1599546 -1258181 -1774034 -1254054 -1603407 -1258003 -1772179 
47 -2020647 -1255174 -1587928 -1257180 -1757989 -1255177 -1590794 -1257125 -1756936 
48 -2017833 -1250361 -1570190 -1251188 -1737461 -1250356 -1565709 -1251224 -1740733 
49 -2027391 -1250671 -1512929 -1250717 -1685016 -1250674 -1517646 -1250674 -1674390 
50 -2398107 -1252758 -1691703 -1257735 -1855092 -1252744 -1683419 -1259741 -1860276 
51 -2046773 -1251690 -1672925 -1283087 -1845019 -1251770 -1684518 -1292838 -1851256 
52 -2038389 -1250429 -1528596 -1250442 -1696482 -1250430 -1536282 -1250462 -1703046 
53 -2049222 -1249925 -1652797 -1263404 -1823753 -1249921 -1653972 -1263254 -1826021 
54 -2049345 -1250903 -1538902 -1250969 -1715208 -1250903 -1541896 -1250977 -1719191 
55 -2038805 -1252097 -1665136 -1273848 -1827204 -1252086 -1668629 -1279294 -1834559 
56 -2104925 -1255517 -1684318 -1272715 -1849596 -1255655 -1704318 -1278631 -1857380 
57 -2003774 -1251257 -1541159 -1251553 -1710811 -1251260 -1539242 -1251526 -1708941 
58 -2003326 -1251972 -1508640 -1251968 -1668049 -1251976 -1507462 -1251975 -1667118 
59 -2014425 -1250598 -1509899 -1250633 -1676214 -1250601 -1513291 -1250608 -1672646 
60 -2037293 -1253384 -1588244 -1254623 -1763262 -1253384 -1585369 -1254629 -1763712 
61 -2067418 -1255127 -1623677 -1258501 -1796162 -1255126 -1619396 -1257135 -1785141 
62 -2034277 -1254547 -1524216 -1254559 -1687592 -1254555 -1526286 -1254555 -1684029 
63 -2341697 -1257372 -1615946 -1257909 -1808271 -1257370 -1598614 -1257386 -1767731 
64 -2142237 -1251029 -1592028 -1251500 -1770576 -1251034 -1599090 -1251425 -1771005 
65 -2028689 -1251439 -1618858 -1256912 -1786168 -1251430 -1619636 -1257348 -1787890 
66 -2029500 -1465153 -1725730 -1372322 -1852856 -1254293 -1707631 -1343477 -1852464 
67 -2016056 -1252521 -1591414 -1255530 -1762838 -1252518 -1595933 -1255760 -1764175 
68 -2088575 -1250128 -1652808 -1259305 -1827781 -1250123 -1640022 -1257465 -1823077 
69 -2060225 -1254630 -1598712 -1256128 -1777548 -1254630 -1589721 -1256131 -1775672 
70 -2026698 -1254695 -1551096 -1255025 -1731248 -1254703 -1558305 -1254993 -1729736 
71 -2056735 -1254494 -1693512 -1300617 -1866027 -1465992 -1744220 -1465992 -1874298 
72 -2022213 -1251723 -1634383 -1264007 -1798340 -1251737 -1636461 -1265980 -1802243 
73 -2222833 -1251189 -1551978 -1251194 -1735587 -1251196 -1553186 -1251198 -1721783 
74 -2297990 -1252687 -1569738 -1252697 -1753923 -1252683 -1618542 -1252882 -1773020 
75 -2053714 -1249412 -1659274 -1281998 -1848746 -1249648 -1693472 -1270685 -1836855 
76 -2024258 -1252123 -1651465 -1292527 -1831275 -1252144 -1656645 -1289783 -1829509 
77 -1946004 -1253393 -1482985 -1253397 -1636036 -1253388 -1485219 -1253391 -1632643 
78 -2017718 -1255060 -1592748 -1258414 -1764646 -1255060 -1594713 -1258394 -1767105 
79 -2022330 -1252521 -1661222 -1279878 -1819815 -1252472 -1654811 -1278729 -1818699 
80 -2134009 -1253573 -1552759 -1253592 -1725896 -1253580 -1559380 -1253574 -1727773 
81 -2034604 -1254389 -1622109 -1263247 -1804701 -1254419 -1637664 -1265464 -1810257 
82 -2063577 -1251617 -1667994 -1270283 -1841576 -1251615 -1669212 -1267475 -1834547 
83 -2008981 -1252399 -1535100 -1252520 -1699305 -1252395 -1534670 -1252523 -1702989 
84 -1988052 -1250525 -1502262 -1250523 -1661023 -1250525 -1503587 -1250521 -1658677 
85 -2037224 -1253049 -1679775 -1271488 -1822269 -1253049 -1676306 -1280747 -1834088 
86 -2028468 -1250061 -1577092 -1250935 -1746895 -1250071 -1575938 -1250981 -1749699 
87 -2008868 -1251756 -1534421 -1251921 -1702272 -1251752 -1535840 -1251926 -1703865 
88 -2020978 -1253474 -1612738 -1259638 -1782254 -1253476 -1614166 -1259607 -1781890 
89 -2079322 -1255885 -1559254 -1255956 -1729618 -1255890 -1550785 -1255939 -1724448 
90 -2008875 -1253922 -1532228 -1254067 -1703877 -1253927 -1539092 -1254006 -1692397 
91 -2003734 -1254295 -1509486 -1254287 -1665746 -1254297 -1513684 -1254285 -1666072 
92 -2020820 -1249101 -1620146 -1257477 -1789300 -1249088 -1614925 -1257293 -1787218 
93 -2052624 -1253206 -1551129 -1253274 -1725514 -1253198 -1551805 -1253269 -1723402 
94 -2229652 -1256152 -1557385 -1256149 -1738418 -1256145 -1566044 -1256156 -1726292 
95 -2024413 -1254098 -1626982 -1263215 -1798042 -1254092 -1622096 -1261927 -1791444 
96 -2022652 -1254931 -1532694 -1254965 -1699435 -1254943 -1532761 -1254981 -1702234 
97 -2041359 -1254405 -1625019 -1260276 -1797942 -1254408 -1624312 -1259715 -1794612 
98 -2020784 -1254024 -1609479 -1258982 -1776662 -1254027 -1607202 -1258838 -1775963 
99 -2048946 -1253601 -1544002 -1253673 -1712952 -1253599 -1542190 -1253649 -1709284 
100 -2000909 -1252040 -1536733 -1252242 -1702655 -1252037 -1536547 -1252239 -1701538 
