1 9.052 10.041 8.726 9.181 8.448 
2 7.738 9.294 8.654 9.102 8.396 
3 7.829 9.184 8.385 9.583 8.363 
4 7.777 9.22 8.452 9.121 8.337 
5 7.767 9.371 8.91 9.955 9.041 
6 8.063 10.078 9.064 9.49 8.464 
7 8.456 10.13 9.46 10.306 9.182 
8 8.44 10.666 8.929 9.579 8.493 
9 7.93 9.855 8.609 9.243 8.569 
10 7.921 9.351 8.684 9.846 8.58 
11 8.383 9.714 8.779 9.979 8.563 
12 7.935 9.224 8.761 9.401 8.306 
13 7.899 9.338 8.195 9.554 7.916 
14 8.173 10.576 8.863 9.549 8.73 
15 8.45 10.91 9.695 9.24 8.82 
16 8.12 11.037 9.893 11.125 9.61 
17 8.643 9.945 8.847 10.642 9.593 
18 8.381 9.627 8.782 9.868 8.795 
19 8.408 10.067 8.949 9.649 8.473 
20 8.13 9.459 8.853 9.479 8.844 
21 7.773 9.26 8.521 9.103 8.625 
22 7.869 9.33 8.166 8.97 8.471 
23 7.787 9.296 8.452 9.166 7.989 
24 7.818 9.14 8.428 9.369 8.518 
25 7.97 9.377 8.607 9.181 8.532 
26 7.855 9.896 8.3 9.389 8.085 
27 8.103 9.658 8.555 9.496 8.415 
28 8.331 9.901 8.557 9.382 8.061 
29 7.792 9.299 8.167 9.277 7.993 
30 7.891 9.362 8.074 9.263 7.998 
31 7.77 9.379 8.165 9.074 7.976 
32 7.846 9.409 8.098 9.258 8.112 
33 7.807 9.384 8.093 9.277 8.059 
34 7.809 9.202 8.431 9.17 8.248 
35 7.833 9.265 8.688 9.297 8.011 
36 7.799 9.23 8.566 9.214 8.521 
37 7.827 9.281 8.57 9.165 8.102 
38 7.767 9.088 8.405 9.146 8.271 
39 7.813 9.403 8.4 9.17 8.273 
40 7.786 9.296 8.37 9.166 8.021 
41 7.82 9.034 8.623 9.189 8.573 
42 7.789 9.387 8.559 9.206 8.445 
43 7.788 9.312 8.585 9.207 8.49 
44 7.79 9.333 8.644 9.229 8.485 
45 7.796 9.074 8.419 9.175 8.384 
46 7.78 9.343 8.371 9.165 8.044 
47 7.781 9.156 8.532 9.13 8.579 
48 7.816 9.311 8.606 9.165 8.448 
49 7.787 9.082 8.596 9.167 8.331 
50 7.827 9.318 8.335 9.164 8.007 
51 7.807 9.412 8.206 9.424 8.015 
52 7.783 8.851 7.835 9.143 7.725 
53 7.759 9.284 8.646 9.167 8.486 
54 7.784 9.322 8.13 9.442 7.989 
55 7.827 8.811 7.798 9.036 7.724 
56 7.845 9.049 8.508 9.185 8.235 
57 7.954 9.224 8.598 9.19 8.57 
58 7.791 9.071 8.585 9.234 8.484 
59 7.77 9.287 8.533 9.113 8.433 
60 7.787 9.304 8.583 9.128 8.079 
61 7.814 9.18 8.405 9.16 8.39 
62 7.82 9.228 8.234 9.581 8.466 
63 7.804 9.189 8.508 9.166 8.537 
64 7.829 9.374 8.529 9.185 8.226 
65 8.097 9.637 9.176 9.936 8.43 
66 8.12 9.82 8.725 9.69 8.465 
67 8.215 10.052 8.511 9.664 9.11 
68 7.849 9.895 8.736 9.449 8.38 
69 8.268 9.843 9.039 9.601 8.421 
70 8.146 9.857 8.766 9.516 8.698 
71 8.2 9.612 8.856 9.568 8.591 
72 7.89 9.45 8.573 9.417 8.231 
73 8.177 9.921 8.366 9.68 8.133 
74 8.036 9.59 8.258 9.595 8.422 
75 8.242 9.67 8.987 9.595 9.058 
76 8.046 9.269 8.129 9.064 7.961 
77 7.92 9.179 8.094 9.572 8.808 
78 8.329 9.535 8.69 9.338 8.954 
79 7.865 9.424 8.666 9.373 8.592 
80 7.816 9.424 8.624 9.32 8.171 
81 7.978 9.297 8.49 9.548 8.827 
82 7.956 9.707 8.996 9.766 8.572 
83 7.929 9.579 8.41 9.92 8.516 
84 8.139 9.685 8.597 9.621 9.236 
85 8.569 9.461 8.654 9.427 8.187 
86 7.822 8.908 7.912 9.373 8.127 
87 7.842 8.988 7.919 9.14 7.787 
88 7.865 9.198 8.477 9.472 8.675 
89 8.169 9.272 8.108 9.408 8.174 
90 8.046 9.414 8.188 9.513 8.14 
91 8.097 9.811 8.575 9.981 8.478 
92 7.946 9.158 7.98 9.411 8.283 
93 8.204 9.619 8.886 9.652 8.789 
94 8.051 9.753 8.955 9.18 8.552 
95 8.012 9.483 8.716 9.269 8.158 
96 7.962 9.485 8.27 9.379 8.357 
97 8.06 9.277 8.765 9.446 8.338 
98 7.792 9.737 8.909 9.829 8.476 
99 7.922 9.345 8.469 9.318 8.161 
100 9.29 10.666 9.172 10.13 8.27 
