1 22.57716 2.242552e-05 0.4016759 0.01326582 1.579853 2.325333e-05 0.3963246 0.01219278 1.543194 
2 21.59134 1.080284 1.384211 1.10769 2.287537 1.108001 1.417899 1.081877 2.235534 
3 27.21763 1.584479e-05 0.4066452 0.008984746 1.635726 1.776119e-05 0.418906 0.008513349 1.622165 
4 21.80545 0.0001081344 0.5228755 0.04684797 1.986668 0.0001045438 0.5188785 0.04619046 1.983981 
5 21.90109 5.568648e-05 0.4367789 0.02133902 1.686783 5.453731e-05 0.4352857 0.02171303 1.690781 
6 32.02826 3.771621e-06 0.3179467 0.001235113 1.292489 3.796005e-06 0.3097762 0.00121524 1.290493 
7 17.74467 3.07405e-06 0.1579791 6.864743e-05 0.6238719 2.357147e-06 0.1521464 8.301286e-05 0.6250216 
8 20.62993 1.957477e-05 0.3321958 0.006861161 1.308293 1.684475e-05 0.3278967 0.007096917 1.314981 
9 22.8989 4.52141e-05 0.4601585 0.02440322 1.801521 5.483145e-05 0.4589252 0.02270604 1.771568 
10 24.43881 1.061151e-05 0.3338349 0.00435479 1.335568 1.189463e-05 0.3413783 0.004393362 1.335803 
11 22.10391 2.080762e-05 0.3940189 0.0127026 1.538127 1.735882e-05 0.3952936 0.01299766 1.544419 
12 21.57853 3.110775e-06 0.1937238 0.0001764415 0.7645528 3.347731e-06 0.1939628 0.0001625157 0.7549776 
13 23.29729 2.556132e-05 0.429603 0.01649443 1.680168 3.574296e-05 0.4343015 0.01705613 1.69944 
14 33.73009 4.521031e-05 0.5540873 0.0265141 2.302841 6.97141e-05 0.6122793 0.02199655 2.22079 
15 27.57337 0.009639074 1.364614 0.3437342 3.618946 0.001484423 0.9722871 0.38518 3.746987 
16 22.18859 3.341995e-05 0.4134181 0.01625412 1.616141 3.706794e-05 0.41847 0.0158959 1.60754 
17 21.85842 3.377019e-05 0.4177307 0.0189198 1.64259 3.214701e-05 0.4161546 0.01830428 1.629802 
18 21.98018 8.116475e-06 0.2611824 0.001628645 1.059885 5.824224e-06 0.2718044 0.001808129 1.074469 
19 20.96888 2.582201e-06 0.1744687 7.462126e-05 0.672156 2.738799e-06 0.1730531 9.350154e-05 0.6807379 
20 20.05065 2.966476e-05 0.3713713 0.01361902 1.472384 2.567055e-05 0.3772904 0.01382905 1.470291 
21 24.0635 0.004405756 1.127281 0.4179108 3.646605 0.003456576 1.080279 0.2945675 3.275221 
22 25.42592 1.067354e-05 0.3560373 0.006219446 1.479361 1.005026e-05 0.3645954 0.005834561 1.467472 
23 20.65011 4.225695e-05 0.4110301 0.01999082 1.605944 4.486598e-05 0.413708 0.0197132 1.602856 
24 22.11073 4.74108e-06 0.2560405 0.001177052 1.003116 3.230497e-06 0.2498788 0.001098666 0.9964532 
25 17.31525 5.014911e-06 0.2344479 0.00176306 0.9284097 5.942868e-06 0.2336278 0.001771855 0.9270068 
26 19.78927 2.449977e-06 0.1923734 0.0003033506 0.7830739 4.131029e-06 0.2016863 0.0003255348 0.7906335 
27 25.31822 3.380086e-05 0.4479775 0.01647388 1.766836 4.135543e-05 0.4544179 0.01683912 1.780874 
28 18.84245 7.473012e-06 0.1657956 0.000108838 0.6666768 1.918043e-06 0.1559826 9.895848e-05 0.6556945 
29 11.34907 1.767001e-06 0.1138554 6.643489e-06 0.4528173 1.948031e-06 0.1134718 6.471416e-06 0.4517887 
30 18.99485 4.339008e-06 0.202628 0.000508646 0.8214857 4.238024e-06 0.2061507 0.0004735174 0.8091629 
31 23.96316 1.3239e-05 0.3704908 0.007258431 1.466421 1.551402e-05 0.3742122 0.007443572 1.471082 
32 22.3197 1.112766 1.444908 0.5765381 3.933998 0.008179563 1.232548 0.7017489 4.257252 
33 15.9962 7.579565e-07 0.139791 2.743448e-05 0.5513292 2.949191e-06 0.1395953 2.183355e-05 0.5509158 
34 22.57082 0.0004250664 0.6846747 0.1262755 2.546609 0.0003545262 0.672807 0.1236806 2.533036 
35 19.25259 1.331987e-05 0.2991599 0.004626994 1.171344 1.776229e-05 0.2956137 0.004592932 1.166372 
36 20.20663 3.091127e-05 0.3675033 0.01205792 1.434037 2.984642e-05 0.3612642 0.01169826 1.430413 
37 21.61379 5.466283e-06 0.301824 0.003512949 1.207664 5.676526e-06 0.2976249 0.003356624 1.189995 
38 15.3635 2.226156e-06 0.1739554 6.32349e-05 0.6586214 2.351579e-06 0.1636722 0.0001469188 0.7214131 
39 21.1356 0.0001457109 0.5364333 0.0572774 2.037381 0.0001517289 0.5401318 0.05937198 2.053797 
40 25.07182 1.327494e-05 0.3534882 0.005844537 1.436432 1.216147e-05 0.3521782 0.005584558 1.426419 
41 21.02162 0.0004978221 0.6934715 0.1467461 2.514294 0.0004262373 0.6719359 0.1414586 2.481749 
42 24.23321 1.682482e-05 0.3787328 0.008131731 1.508999 1.590237e-05 0.375666 0.008223004 1.507277 
43 23.37866 1.679849e-05 0.3459054 0.005544767 1.379204 1.699899e-05 0.3419164 0.005087844 1.351888 
44 17.1541 7.197164e-06 0.2362848 0.001977494 0.9372225 7.035876e-06 0.2333952 0.001887915 0.9403367 
45 21.1389 4.971683e-05 0.4113186 0.01972967 1.61037 6.249267e-05 0.4158472 0.01954356 1.605206 
46 26.7568 0.0003163948 0.7231994 0.09362348 2.583142 0.0003974543 0.7492029 0.08660478 2.545698 
47 22.51558 4.209317e-05 0.4268154 0.01812707 1.672199 4.161872e-05 0.4280441 0.01886043 1.686245 
48 28.9766 2.041487e-06 0.2189606 0.0001049574 0.879862 4.351783e-06 0.2248115 0.0004353662 1.043709 
49 24.76857 2.798239e-06 0.2306624 0.0003220026 0.8913947 3.393659e-06 0.235664 0.0004017475 0.9148339 
50 16.98184 1.339131e-06 0.1385652 1.07506e-05 0.5550459 4.236436e-06 0.1394881 1.142478e-05 0.5568574 
51 17.11951 2.21918e-06 0.1526277 7.263959e-05 0.6191379 3.634784e-06 0.1563041 6.358671e-05 0.6147498 
52 25.21699 5.536448e-05 0.5028466 0.02622972 1.941439 6.195235e-05 0.5147538 0.02784961 1.958966 
53 23.35972 0.0001423497 0.5689198 0.06855399 2.255959 0.0001707947 0.5876447 0.05820436 2.179875 
54 26.47349 8.548243e-06 0.3370356 0.003592112 1.353724 1.027304e-05 0.3499254 0.00331397 1.345601 
55 15.91639 1.086013e-06 0.1428649 1.999442e-05 0.5752 1.277005e-06 0.1485863 1.489144e-05 0.5669549 
56 25.45295 2.153073e-05 0.3871473 0.008037526 1.540376 2.507313e-05 0.391007 0.00818777 1.535624 
57 27.37104 1.106162 1.532017 1.113634 2.745936 1.127683 1.59857 1.089653 2.680193 
58 15.74578 1.889442e-06 0.1625608 0.0001685906 0.6426329 1.042839e-06 0.1598923 0.0001798878 0.6496704 
59 21.50589 0.0002649645 0.6239987 0.1038882 2.352203 0.0003046397 0.6396004 0.1002943 2.328606 
60 25.14665 2.912418e-06 0.2264082 0.0002810197 0.8885565 1.824296e-06 0.2267607 0.0003754632 0.9175893 
61 29.9727 4.390226e-05 0.4810795 0.01531818 1.906713 3.257069e-05 0.4659773 0.01200926 1.815282 
62 23.47269 9.579696e-06 0.3211275 0.003809397 1.277122 9.90253e-06 0.3248483 0.003784942 1.273956 
63 19.34459 3.696315e-06 0.2218319 0.0006852557 0.8619807 3.402441e-06 0.2106499 0.0006636999 0.8665433 
64 21.36787 1.115789e-05 0.3163595 0.00473424 1.247247 1.070436e-05 0.3181259 0.004444905 1.229474 
65 22.65598 0.0002866791 0.63678 0.1072928 2.447765 0.0003083495 0.6481496 0.1142857 2.485314 
66 17.2243 8.781335e-06 0.2397771 0.002127523 0.9623806 5.481821e-06 0.2409145 0.002114383 0.9532908 
67 26.01432 1.150502e-05 0.3452541 0.003627639 1.358022 8.032809e-06 0.3401145 0.003782904 1.367492 
68 20.38987 4.68512e-06 0.276915 0.002830261 1.113059 7.550781e-06 0.2865675 0.002797732 1.107995 
69 18.9537 7.083116e-07 0.1442977 5.499243e-06 0.5841768 1.325157e-06 0.1452895 7.117986e-06 0.5760035 
70 25.90452 2.077014e-06 0.192703 5.65581e-05 0.7805698 3.275957e-06 0.1920937 4.544481e-05 0.7665558 
71 23.58225 9.707275e-06 0.324286 0.004125996 1.301941 1.142692e-05 0.3296926 0.003786482 1.285932 
72 23.18012 4.028882e-06 0.2860979 0.002122025 1.155001 3.988173e-06 0.2924934 0.001928921 1.139328 
73 16.58791 2.687365e-06 0.171331 0.0002103973 0.6817351 3.228614e-06 0.1728998 0.0002267249 0.6799676 
74 16.40533 1.348124e-06 0.1418183 2.399701e-05 0.5628618 1.710711e-06 0.1422805 2.593107e-05 0.5642011 
75 25.05243 0.000140071 0.5622999 0.04465643 2.142251 0.0001005751 0.5381779 0.04508916 2.147704 
76 16.15948 1.473193e-06 0.1341191 8.247793e-06 0.5333111 2.654487e-06 0.1336273 7.445411e-06 0.5312706 
77 20.18821 6.93621e-06 0.2340557 0.0008821494 0.9136457 7.207855e-06 0.2283675 0.0009293763 0.917332 
78 23.70874 2.882838e-05 0.3997042 0.01172175 1.592073 2.112964e-05 0.3958957 0.01101867 1.571299 
79 18.15857 1.359393e-06 0.1438408 1.70314e-05 0.5789581 1.666388e-06 0.1444942 1.411845e-05 0.5735628 
80 24.26512 0.001873189 0.9712001 0.223208 3.059177 0.001759126 0.9551798 0.2283911 3.072026 
81 19.92337 2.22039e-05 0.3863816 0.01601996 1.508099 2.582409e-05 0.3866517 0.01595754 1.512175 
82 14.50563 2.615195e-06 0.1275197 2.455403e-06 0.509326 4.2403e-06 0.1278511 2.731806e-06 0.5119645 
83 20.52822 1.134813e-05 0.3062675 0.004517854 1.207199 1.242216e-05 0.306271 0.004790741 1.220823 
84 22.65025 1.078024 1.411207 1.081417 2.350183 1.078516 1.413661 1.104776 2.38408 
85 11.50258 8.916482e-07 0.1429573 4.644282e-05 0.5840038 1.103831e-06 0.1561966 0.0007278273 0.8711653 
86 23.9812 1.403746e-05 0.3678686 0.006993252 1.442472 1.626542e-05 0.3800699 0.00795317 1.483498 
87 21.06791 1.315216e-05 0.3309123 0.006453276 1.309913 1.030759e-05 0.3279806 0.006196167 1.295876 
88 28.43097 0.0001028909 0.5706039 0.03749069 2.185764 8.933649e-05 0.5685978 0.03939547 2.208147 
89 14.23238 1.255203e-06 0.1386266 6.785572e-05 0.5548006 8.58164e-07 0.13775 5.671497e-05 0.5531049 
90 20.28075 0.000899591 0.7565614 0.2088026 2.695088 0.0008415968 0.7487947 0.204941 2.678756 
91 19.90462 7.934466e-06 0.2640103 0.001855286 1.013165 9.521321e-06 0.2568645 0.002001726 1.034218 
92 18.36564 1.340709e-05 0.278622 0.004286552 1.125493 9.416508e-06 0.2845232 0.004312077 1.123457 
93 21.61381 4.75546e-05 0.4291173 0.02185626 1.677696 5.106684e-05 0.4294642 0.02212505 1.682064 
94 21.00771 1.838033e-05 0.3594823 0.009628932 1.412175 1.708978e-05 0.3572189 0.009926515 1.416779 
95 24.23091 0.0001249296 0.5677178 0.05261472 2.177822 0.0001321592 0.561772 0.05184075 2.175552 
96 21.11655 3.884082e-06 0.279589 0.002300544 1.099419 3.946053e-06 0.2781568 0.002398585 1.10861 
97 19.207 1.380942e-05 0.2690407 0.002699111 1.068996 6.220792e-06 0.2699853 0.002579318 1.059498 
98 28.08433 4.224201e-05 0.4874204 0.01614762 1.846878 3.941583e-05 0.4951984 0.01867432 1.905332 
99 22.14901 3.596232e-05 0.4007853 0.01402496 1.56226 4.293939e-05 0.4051963 0.01418329 1.570673 
100 24.29317 4.184772e-06 0.3165595 0.002278004 1.202623 4.446889e-06 0.311968 0.002730502 1.228937 
