1 0.4129567 0.9519588 0.8683488 0.9395933 0.6702003 0.9519545 0.8700538 0.9404618 0.6755465 
2 0.3631423 0.5659435 0.5716713 0.5711647 0.5714736 0.5715875 0.5716751 0.565685 0.5715176 
3 0.3739594 0.9520552 0.8807494 0.9434043 0.6969731 0.9520489 0.8765436 0.9437618 0.6996224 
4 0.4254369 0.9518188 0.8208539 0.9161297 0.6023779 0.951816 0.8213016 0.9165208 0.6029678 
5 0.4187304 0.951776 0.8524891 0.9332787 0.6409108 0.9517806 0.8526741 0.9330186 0.6400855 
6 0.3197926 0.9517585 0.9132245 0.9504843 0.8098458 0.9517593 0.9149646 0.9505182 0.8106788 
7 0.4058289 0.9519326 0.9348823 0.9519108 0.8961117 0.951932 0.9359242 0.9518931 0.8957832 
8 0.4237526 0.9517999 0.8872012 0.9452934 0.7129777 0.9517933 0.8883249 0.9451221 0.7110467 
9 0.4076236 0.9518559 0.8499368 0.9309525 0.6339126 0.9518482 0.8501085 0.9322249 0.6379786 
10 0.3877058 0.9517075 0.8963293 0.9473771 0.7436303 0.9517072 0.8944895 0.9473655 0.7436778 
11 0.4188028 0.9517978 0.8687649 0.9397981 0.6729333 0.9517996 0.8681706 0.9395004 0.6710017 
12 0.3918061 0.9518516 0.9295876 0.9516456 0.8761406 0.9518439 0.9295054 0.9516673 0.8781528 
13 0.4036401 0.952081 0.8620752 0.9372522 0.6570059 0.9520684 0.8608954 0.9366721 0.6546496 
14 0.3352766 0.9519339 0.8534629 0.9293389 0.6334112 0.9518965 0.8368856 0.9326745 0.643724 
15 0.4173318 0.9425201 0.6110707 0.7777211 0.5626981 0.9503973 0.6943285 0.7592802 0.563005 
16 0.4175764 0.9519368 0.8624647 0.9371976 0.6575101 0.9519457 0.8609044 0.9374528 0.6585305 
17 0.4214838 0.951906 0.8587238 0.9351342 0.6482221 0.9519003 0.8596505 0.9356181 0.6504063 
18 0.3959657 0.9519046 0.9140321 0.9501943 0.800255 0.9519071 0.911819 0.95001 0.7957712 
19 0.3869327 0.9518652 0.9333428 0.9517653 0.8943796 0.9518635 0.9335067 0.9517376 0.8924036 
20 0.4344194 0.952201 0.8698954 0.9395594 0.6681335 0.9522053 0.867937 0.9393904 0.6678717 
21 0.3960485 0.9474046 0.6443811 0.7444113 0.5639536 0.9482905 0.6546172 0.7989188 0.5627637 
22 0.3988384 0.951831 0.8914728 0.945618 0.7189116 0.951825 0.8890269 0.9459175 0.7220297 
23 0.43521 0.9519464 0.8565126 0.9339018 0.645123 0.9519484 0.8552687 0.9340273 0.645573 
24 0.3940379 0.9519412 0.9155641 0.9506664 0.8155574 0.9519455 0.9169102 0.9507464 0.8184765 
25 0.4332721 0.9520691 0.9133496 0.9502275 0.7971801 0.9520688 0.9136072 0.9502042 0.7968986 
26 0.4061102 0.9517722 0.9280738 0.9514641 0.8629348 0.9517807 0.9262465 0.951465 0.8620966 
27 0.383209 0.951956 0.8625185 0.9370074 0.6574146 0.951946 0.8605202 0.9366403 0.6553636 
28 0.4009235 0.9518309 0.9335028 0.9516726 0.8897591 0.9518352 0.9354968 0.9516828 0.8914048 
29 0.4317424 0.9516253 0.9406297 0.9516333 0.9167779 0.9516242 0.9406996 0.951623 0.9170275 
30 0.410296 0.9519204 0.9258892 0.9514485 0.8502318 0.9519247 0.9250258 0.9514956 0.8523669 
31 0.3961978 0.9520182 0.8840709 0.9449908 0.7090296 0.9520068 0.8833807 0.9448486 0.7075481 
32 0.4075124 0.5708591 0.5709233 0.6762405 0.5656546 0.9437637 0.6164635 0.6291315 0.5668886 
33 0.4051711 0.9519263 0.9379845 0.9519011 0.9088034 0.9519331 0.93827 0.9519077 0.9086153 
34 0.4163157 0.9515934 0.7660583 0.8739176 0.5706778 0.9516219 0.7698637 0.8751965 0.5711157 
35 0.4328509 0.9519224 0.8951454 0.9473079 0.737668 0.951919 0.896037 0.9473913 0.738704 
36 0.4284473 0.952074 0.8728287 0.9409339 0.6770862 0.9520754 0.8744127 0.9411465 0.6779354 
37 0.4093871 0.9519273 0.9009153 0.9483696 0.754464 0.9519281 0.902263 0.9485558 0.7576213 
38 0.3348817 0.952029 0.9377351 0.9519537 0.9031893 0.9520399 0.9383377 0.9518965 0.8961849 
39 0.4345729 0.9520278 0.8113162 0.9097932 0.5942272 0.9520035 0.8095571 0.9085424 0.5928132 
40 0.3829621 0.9520682 0.892661 0.9461194 0.7234563 0.952071 0.89291 0.9463809 0.7264909 
41 0.4356131 0.951485 0.7510507 0.8639889 0.5677905 0.9515704 0.7595103 0.8663074 0.5683281 
42 0.3886095 0.9518249 0.8832229 0.9440186 0.7028675 0.9518275 0.8837432 0.9438696 0.7011984 
43 0.396122 0.9520003 0.891298 0.9465018 0.7266208 0.9520046 0.892784 0.9469028 0.7321947 
44 0.4379211 0.9520913 0.9127843 0.9501485 0.7921165 0.9520848 0.9132107 0.9501672 0.7922251 
45 0.4244819 0.951705 0.8581647 0.9343979 0.6469464 0.9517125 0.857288 0.9344384 0.6471136 
46 0.3857817 0.9515799 0.7710984 0.8902922 0.577733 0.9515124 0.7621581 0.8937171 0.5799406 
47 0.4120783 0.9521852 0.8597393 0.9361211 0.6514199 0.9521932 0.8599937 0.9355769 0.6492944 
48 0.2899608 0.9520384 0.9318205 0.9518737 0.8891952 0.9520384 0.9288201 0.9515291 0.8728102 
49 0.3669224 0.9517735 0.9240951 0.9514878 0.8617176 0.9517775 0.9234558 0.9514337 0.8560422 
50 0.4000563 0.9519015 0.9392178 0.9518944 0.9119157 0.9519038 0.9389863 0.9518978 0.9120889 
51 0.4053875 0.9519751 0.9360724 0.9519246 0.8969312 0.951976 0.9355327 0.951936 0.8980134 
52 0.3956185 0.9517918 0.8418388 0.9293675 0.6310788 0.9517775 0.8383205 0.9283233 0.6284498 
53 0.4161721 0.9517084 0.8107446 0.9033419 0.5883942 0.9516805 0.8040753 0.9090956 0.5943137 
54 0.366679 0.9518381 0.8999386 0.9481197 0.7560999 0.9518327 0.8966661 0.9483006 0.7592881 
55 0.3425867 0.9517907 0.939408 0.9517859 0.9104454 0.9517947 0.9389056 0.9517851 0.9113976 
56 0.3912091 0.9518439 0.8815054 0.9440816 0.7033636 0.9518493 0.8805961 0.944013 0.7030656 
57 0.3475313 0.5709983 0.5711196 0.5706778 0.5708316 0.57112 0.5711195 0.5680289 0.5708732 
58 0.4229084 0.9517145 0.932617 0.9516415 0.8833514 0.9517137 0.9329116 0.9516164 0.8817262 
59 0.4248243 0.9515978 0.7802355 0.8846907 0.5747707 0.9515482 0.7749467 0.886417 0.5756155 
60 0.3735355 0.9516733 0.9251856 0.9513922 0.8627272 0.9516787 0.9251219 0.9512788 0.8551123 
61 0.3672721 0.9517105 0.8628651 0.9377838 0.6642062 0.9517099 0.8670492 0.9404998 0.6789765 
62 0.3917442 0.9518263 0.8993668 0.9480491 0.7519851 0.9518212 0.8981267 0.9480803 0.752262 
63 0.4122622 0.9519037 0.9213298 0.9511992 0.8397775 0.9519026 0.9239465 0.9511847 0.8395321 
64 0.4129494 0.9518082 0.8950054 0.9470102 0.7364755 0.9518088 0.8944296 0.9472658 0.7406116 
65 0.4272507 0.9517707 0.7822163 0.8826887 0.5745394 0.9517504 0.778101 0.8792603 0.5731266 
66 0.4375782 0.9519006 0.9110498 0.9495759 0.7848443 0.9518923 0.9107612 0.9496046 0.7866576 
67 0.3811364 0.951876 0.8958163 0.9481268 0.7516028 0.9518766 0.8977456 0.9479979 0.749738 
68 0.4140712 0.9519747 0.9063397 0.9490559 0.7692847 0.9519761 0.9034248 0.9490798 0.7696586 
69 0.3722712 0.9518234 0.9380829 0.9518456 0.908978 0.9518265 0.9379956 0.9518447 0.9093637 
70 0.329811 0.9518072 0.9324745 0.9517409 0.888498 0.9518109 0.9326805 0.95177 0.8918098 
71 0.3923515 0.9518226 0.8978311 0.9476007 0.7460357 0.9518235 0.8967113 0.9478957 0.7502491 
72 0.3970077 0.9518983 0.9080444 0.9495286 0.7816458 0.951896 0.9060154 0.9497036 0.7858547 
73 0.4214921 0.9521066 0.9312262 0.9518747 0.876649 0.9520981 0.930902 0.9518753 0.8763267 
74 0.4095703 0.9518304 0.9372677 0.9518209 0.9053451 0.9518341 0.9371709 0.9518175 0.9052813 
75 0.3873827 0.9516316 0.8219137 0.9174298 0.603801 0.9516478 0.8294408 0.9170794 0.6032154 
76 0.4044119 0.9518963 0.9391647 0.9518917 0.9127904 0.9518923 0.9390682 0.951884 0.9130651 
77 0.4044912 0.9519488 0.9193271 0.9509697 0.8303582 0.9519411 0.9207194 0.950925 0.8289546 
78 0.3958799 0.9516741 0.8733316 0.9409768 0.6777073 0.9516732 0.8751214 0.9415838 0.681967 
79 0.3978149 0.9518978 0.9379683 0.9518769 0.9074791 0.9519035 0.9378608 0.9518803 0.9085605 
80 0.4202878 0.9497341 0.6851158 0.8299544 0.5640485 0.9498492 0.6891513 0.8276025 0.5638885 
81 0.4341557 0.951899 0.8631478 0.9372833 0.6577066 0.951893 0.8630313 0.9372721 0.6575165 
82 0.411712 0.9519202 0.9402249 0.9519242 0.9159545 0.9519262 0.9401919 0.9519276 0.9158628 
83 0.4193914 0.9519898 0.8963755 0.9474567 0.7405824 0.9519912 0.8960484 0.9471645 0.7365584 
84 0.3458113 0.5670045 0.57111 0.5648123 0.571081 0.5643371 0.5712355 0.5705102 0.5710325 
85 0.3705042 0.9519374 0.9397786 0.9518751 0.9111443 0.9519356 0.9388969 0.9511582 0.8721012 
86 0.3904992 0.9518638 0.8856219 0.9450015 0.7120529 0.9518655 0.8824421 0.9441471 0.7038327 
87 0.4208184 0.9518616 0.8892781 0.9455537 0.717126 0.9518661 0.8898033 0.9458239 0.7200401 
88 0.3773008 0.9518361 0.828627 0.9220823 0.6132167 0.9518339 0.8291274 0.920811 0.6106249 
89 0.4241418 0.9519206 0.9368248 0.951896 0.9004429 0.9519269 0.937002 0.9518923 0.9006193 
90 0.4412592 0.9508406 0.7239486 0.8360297 0.5641163 0.9509083 0.7270177 0.837756 0.5642425 
91 0.414045 0.9518637 0.9097302 0.9499094 0.7945518 0.9518586 0.9121259 0.9497309 0.7893131 
92 0.4345846 0.951978 0.8994962 0.9474812 0.7424287 0.9519741 0.8984665 0.9474925 0.743277 
93 0.4232424 0.9518838 0.8535393 0.9327717 0.6399708 0.9518829 0.8533015 0.9327093 0.6394363 
94 0.4297895 0.9520771 0.8773398 0.9428471 0.6904086 0.9520794 0.8781879 0.9426114 0.6889064 
95 0.3947924 0.9516906 0.8157359 0.9125192 0.5958904 0.951698 0.8186696 0.9131264 0.5966834 
96 0.410224 0.9519964 0.9064953 0.949474 0.7791871 0.9519981 0.9069923 0.9493706 0.7767994 
97 0.4278185 0.9520532 0.9058365 0.9491461 0.7711632 0.9520509 0.9056449 0.9492401 0.7733417 
98 0.3741075 0.9517006 0.856278 0.9372289 0.6602426 0.951706 0.8527422 0.9351767 0.6513399 
99 0.4158337 0.9519513 0.8677527 0.9390877 0.6676524 0.9519422 0.8658512 0.938921 0.667083 
100 0.3864367 0.9520402 0.90117 0.9494883 0.7784947 0.9520538 0.9029888 0.9491043 0.770798 
