1 81.335 121.485 95.046 118.222 93.464 
2 81.19 122.021 93.509 120.131 92.274 
3 79.796 120.434 92.507 122.463 92.317 
4 80.461 121.606 95.425 121.634 93.371 
5 82.451 124.057 93.068 120.841 93.854 
6 80.835 121.822 97.656 123.385 92.642 
7 84.18 125.736 94.832 125.808 92.489 
8 79.271 125.655 94.792 117.729 90.802 
9 81.839 117.761 98.661 121.008 95.92 
10 81.584 123.929 97.821 122.635 98.914 
11 84.03 124.175 97.008 121.42 95.464 
12 81.64 120.032 95.964 118 95.753 
13 79.893 117.36 99.113 116.451 93.272 
14 79.47 116.565 91.199 114.595 90.245 
15 78.74 119.133 97.716 122.384 97.066 
16 81.782 119.884 95.364 115.874 93.894 
17 79.045 118.806 95.874 114.994 91.654 
18 81.183 120.67 98.056 120.089 93.304 
19 80.658 118.824 95.893 126.127 94.69 
20 79.734 118.955 93.079 112.983 89.892 
21 80.965 117.59 94.561 115.62 93.401 
22 79.131 115.989 91.634 113.72 93.017 
23 79.73 115.644 91.462 114.245 91.506 
24 78.36 115.591 91.99 114.068 92.688 
25 78.663 116.15 92.119 113.281 90.697 
26 79.301 114.449 92.495 114.605 91.058 
27 79.217 116.005 92.342 114.422 91.389 
28 78.858 115.543 90.634 114.241 90.173 
29 79.185 116.713 91.5 113.732 90.294 
30 78.55 115.121 90.961 114.108 89.688 
31 79.012 114.839 92.446 113.746 89.875 
32 79.644 116.436 94.28 113.423 89.825 
33 78.678 115.608 92.223 113.726 91.436 
34 79.251 117.27 93.198 114.944 91.747 
35 78.934 116.338 93.08 114.646 91.199 
36 81.686 121.746 96.468 119.399 94.354 
37 82.328 127.746 107.334 128.001 100.513 
38 84.084 119.714 101.164 125.43 98.89 
39 81.886 118.737 96.041 118.343 97.42 
40 84.026 124.519 101.427 120.684 100.893 
41 84.439 126.437 101.8 120.614 95.425 
42 81.41 125.631 96.298 123.487 99.336 
43 85.309 125.838 100.208 121.475 95.17 
44 84.071 120.651 94.101 116.528 89.935 
45 77.791 114.19 92.369 113.984 90.056 
46 77.392 113.581 90.411 111.968 91.07 
47 77.837 113.088 90.306 112.635 89.915 
48 77.961 113.554 90.364 111.049 89.074 
49 76.665 113.202 91.16 111.482 89.517 
50 76.646 113.499 91.501 111.146 89.176 
51 77.604 114.3 91.682 113.096 89.592 
52 77.831 114.202 90.161 112.787 90.25 
53 77.505 113.615 90.425 110.72 89.342 
54 78.104 114.258 91.681 113.808 88.954 
55 77.397 114.335 90.321 111.92 89.977 
56 77.16 113.209 90.783 113.843 89.833 
57 77.392 112.599 90.469 112.045 90.394 
58 76.57 112.654 92.927 111.519 89.525 
59 77.05 112.242 91.615 111.675 89.838 
60 76.508 112.752 93.886 116.387 91.931 
61 77.693 113.685 91.77 112.456 92.125 
62 77.232 112.931 90.998 112.105 91.182 
63 77.052 113.22 91.118 111.111 89.757 
64 77.264 113.975 92.033 113.001 89.762 
65 77.915 114.26 91.007 112.864 89.727 
66 77.548 114.178 92.277 112.782 89.564 
67 77.689 113.982 90.673 111.819 89.887 
68 77.581 114.25 89.486 112.221 89.07 
69 77.731 113.221 90.245 111.51 89.307 
70 77.399 114.151 92.098 112.471 89.4 
71 77.683 114.457 92.022 112.307 89.591 
72 77.991 114.462 91.086 111.943 91.07 
73 77.42 113.906 91.685 112.168 89.457 
74 76.243 113.187 90.636 112.206 89.784 
75 77.005 113.013 92.361 112.808 89.094 
76 76.765 113.466 91.5 112.84 90.151 
77 77.508 113.986 91.329 113.263 89.987 
78 77.289 113.536 90.318 111.815 88.973 
79 77.628 113.51 91.132 113.143 91.638 
80 77.031 113.126 91.951 110.971 91.907 
81 76.619 113.648 92.484 113.268 89.903 
82 77.492 114.026 90.561 112.686 89.309 
83 77.848 113.293 93.692 112.618 89.667 
84 79.26 115.378 94.239 113.405 90.521 
85 78.042 114.743 93.398 112.841 90.356 
86 77.836 116.362 92.161 112.165 90.383 
87 78.086 113.911 94.286 115.592 93.895 
88 80.02 115.02 91.49 114.09 90.553 
89 78.906 116.255 92.441 113.13 90.285 
90 76.662 114.235 91.491 113.569 90.378 
91 77.749 112.973 91.407 112.564 90.248 
92 77.664 113.207 91.058 111.062 90.249 
93 76.929 113.906 90.347 110.542 89.535 
94 76.961 112.769 90.133 111.696 89.422 
95 77.655 113.641 91.372 112.491 90.354 
96 77.343 113.747 90.695 112.188 89.378 
97 76.808 113.185 91.587 113.748 91.105 
98 78.888 114.19 91.781 112.703 89.913 
99 77.098 115.268 94.413 116.293 95.578 
100 81.879 121.298 96.603 120.642 103.158 
