1 -21193676 -12534731 -16456758 -12595603 -18242758 -12534726 -16439581 -12591319 -18212162 
2 -20738559 -14638487 -17494279 -14639002 -18769626 -14638573 -17477024 -14638553 -18779673 
3 -22908510 -12526545 -16527698 -12568978 -18387404 -12526548 -16555149 -12567202 -18379397 
4 -20787927 -12540981 -16753026 -12717239 -18449925 -12540995 -16738203 -12715659 -18449884 
5 -20821435 -12530489 -16536083 -12622765 -18274140 -12530472 -16530622 -12623904 -18276909 
1 -21193676 -12534731 -16456758 -12595603 -18242758 -12534726 -16439581 -12591319 -18212162 
2 -20738559 -14638487 -17494279 -14639002 -18769626 -14638573 -17477024 -14638553 -18779673 
3 -22908510 -12526545 -16527698 -12568978 -18387404 -12526548 -16555149 -12567202 -18379397 
4 -20787927 -12540981 -16753026 -12717239 -18449925 -12540995 -16738203 -12715659 -18449884 
5 -20821435 -12530489 -16536083 -12622765 -18274140 -12530472 -16530622 -12623904 -18276909 
6 -24205757 -12518246 -16393737 -12524523 -18339053 -12518241 -16371798 -12524383 -18338352 
7 -21738582 -12530207 -15607173 -12530490 -17349334 -12530193 -15577411 -12530541 -17349246 
8 -20720384 -12530149 -16219668 -12563113 -17992266 -12530131 -16204093 -12563933 -17996170 
9 -21204846 -12528775 -16621706 -12633465 -18387229 -12528764 -16618609 -12627095 -18367447 
10 -22358660 -12527136 -16293979 -12548258 -18139638 -12527143 -16317589 -12548290 -18140353 
11 -20992564 -12523613 -16420888 -12582613 -18189284 -12523602 -16422943 -12584104 -18190600 
12 -22302879 -12543440 -15816313 -12544320 -17608480 -12543442 -15814674 -12544247 -17597314 
13 -21403082 -12528037 -16540983 -12602213 -18315775 -12528062 -16554595 -12605103 -18332470 
14 -24485163 -12529538 -16961906 -12640727 -18921726 -12529670 -17084737 -12624533 -18881399 
15 -22904982 -12579071 -17710786 -13213090 -19135294 -12540710 -17489671 -13264106 -19151835 
16 -20959298 -12532476 -16481704 -12605683 -18247699 -12532476 -16496744 -12604340 -18240424 
17 -20796873 -12532051 -16478385 -12615542 -18239611 -12532066 -16476336 -12613075 -18231685 
18 -21890646 -12529632 -16056894 -12537747 -17899644 -12529632 -16095374 -12538591 -17908098 
19 -22437103 -12534860 -15758541 -12535162 -17518124 -12534850 -15751525 -12535260 -17529146 
20 -20560614 -12541038 -16332290 -12603198 -18094137 -12541031 -16351354 -12603841 -18089511 
21 -21680095 -12544304 -17495776 -13292321 -18981454 -12540004 -17468048 -13140693 -18938208 
22 -22497131 -12534530 -16364865 -12564704 -18252644 -12534534 -16390489 -12563126 -18245779 
23 -20579711 -12523242 -16439495 -12611137 -18173283 -12523278 -16443284 -12610617 -18171980 
24 -22042597 -12531840 -16049470 -12537747 -17858918 -12531841 -16025721 -12537363 -17858010 
25 -20498032 -12526896 -15846740 -12535618 -17606684 -12526886 -15843886 -12535696 -17603229 
26 -21711383 -12538650 -15767266 -12540284 -17571939 -12538659 -15809472 -12540290 -17586443 
27 -22361527 -12524660 -16620395 -12598713 -18436853 -12524674 -16637447 -12600767 -18445007 
28 -21939911 -12529985 -15653117 -12530437 -17437892 -12529979 -15611667 -12530397 -17417859 
29 -20782702 -12536284 -15304913 -12536305 -16962969 -12536279 -15297610 -12536293 -16961245 
30 -21415829 -12531706 -15799707 -12534202 -17601855 -12531700 -15807742 -12534028 -17583732 
31 -21973083 -12535689 -16394890 -12570826 -18216522 -12535699 -16409732 -12571535 -18217780 
32 -20922438 -14651936 -17539757 -13501113 -18885954 -12580198 -17466914 -13658115 -18891998 
33 -21755911 -12533764 -15525931 -12533870 -17251669 -12533767 -15527853 -12533863 -17247890 
34 -20997220 -12532711 -17052442 -12893407 -18701610 -12532533 -17033201 -12888109 -18697202 
35 -20572633 -12539158 -16098442 -12561630 -17851365 -12539159 -16084222 -12561173 -17847937 
36 -20590594 -12528132 -16318249 -12583033 -18063857 -12528119 -16296041 -12582013 -18061588 
37 -21270263 -12534846 -16163009 -12552484 -17979554 -12534849 -16149691 -12551694 -17960235 
38 -21876566 -12528469 -15582356 -12528862 -17305456 -12528467 -15548197 -12529263 -17363813 
39 -20628689 -12531704 -16750183 -12738114 -18438616 -12531770 -16756880 -12744152 -18445909 
40 -22525079 -12524233 -16366542 -12553056 -18228301 -12524241 -16363458 -12551759 -18224895 
41 -20608398 -12539394 -17003375 -12936294 -18605087 -12539007 -16978053 -12927174 -18588167 
42 -22130324 -12533748 -16435629 -12572478 -18269828 -12533756 -16426248 -12573217 -18261248 
43 -21903463 -12528554 -16319646 -12555611 -18149663 -12528551 -16310685 -12553395 -18127712 
44 -20440888 -12534455 -15849598 -12544007 -17600175 -12534449 -15833972 -12543903 -17608621 
45 -20645683 -12532119 -16452192 -12617159 -18198624 -12532133 -16467513 -12616827 -18192712 
46 -22679532 -12535130 -17195713 -12830632 -18857114 -12535473 -17232776 -12815019 -18846683 
47 -21100161 -12522788 -16519271 -12602628 -18292749 -12522770 -16523621 -12605472 -18302055 
48 -23823720 -12529890 -16070566 -12530385 -17977547 -12529893 -16068829 -12532034 -18160145 
49 -22877689 -12530162 -15999451 -12531745 -17818758 -12530163 -16023775 -12532084 -17841587 
50 -22011430 -12534554 -15519073 -12534580 -17257534 -12534554 -15526219 -12534577 -17261384 
51 -21658342 -12535732 -15593228 -12536063 -17364779 -12535726 -15617759 -12536024 -17359297 
52 -22217437 -12535249 -16756184 -12646468 -18532556 -12535312 -16784490 -12652013 -18542540 
53 -21353372 -12534047 -16867834 -12768324 -18628228 -12534175 -16903553 -12741830 -18594521 
54 -22934141 -12537254 -16356595 -12554646 -18229412 -12537260 -16393138 -12553751 -18228129 
55 -21953579 -12535690 -15486003 -12535777 -17211380 -12535693 -15507477 -12535765 -17197974 
56 -22480534 -12531623 -16455604 -12569723 -18294302 -12531615 -16467712 -12569978 -18287727 
57 -22884059 -14649297 -17758330 -14649900 -19139983 -14649219 -17750402 -14649398 -19145162 
58 -20926141 -12532759 -15591249 -12533575 -17329108 -12532759 -15573295 -12533627 -17338295 
59 -20703734 -12538198 -16924891 -12855071 -18585189 -12538397 -16952507 -12847179 -18573285 
60 -23001140 -12536579 -15997539 -12537970 -17834766 -12536569 -15995975 -12538478 -17856980 
61 -23653015 -12537468 -16757647 -12606207 -18629936 -12537416 -16719126 -12592712 -18576125 
62 -22078417 -12530709 -16251849 -12549308 -18087990 -12530716 -16263520 -12549180 -18082108 
63 -21324883 -12534005 -15870052 -12537225 -17638973 -12534003 -15829924 -12537280 -17646392 
64 -21057399 -12520165 -16183041 -12543409 -17969700 -12520158 -16186983 -12542069 -17956838 
65 -21046329 -12526441 -16968563 -12849519 -18666418 -12526510 -16988029 -12863404 -18679458 
66 -20436951 -12535807 -15865115 -12546442 -17631328 -12535812 -15868287 -12546299 -17619526 
67 -22791684 -12532529 -16353405 -12550689 -18199433 -12532518 -16342189 -12551266 -18207404 
68 -21076868 -12537412 -16071224 -12551339 -17878245 -12537414 -16099303 -12551246 -17870341 
69 -22228302 -12521069 -15539731 -12521093 -17298539 -12521073 -15545997 -12521101 -17278980 
70 -23283493 -12536227 -15873937 -12536546 -17713999 -12536231 -15871392 -12536459 -17697077 
71 -22056846 -12534400 -16265120 -12554689 -18106235 -12534409 -16287108 -12553187 -18096410 
72 -22109678 -12535936 -16144133 -12546816 -17985309 -12535939 -16162463 -12545911 -17973281 
73 -21014569 -12535798 -15640291 -12536809 -17394144 -12535801 -15647992 -12536825 -17387187 
74 -21632364 -12531690 -15506974 -12531809 -17225113 -12531691 -15509608 -12531815 -17229351 
75 -22129414 -12533388 -16885408 -12702878 -18630463 -12533280 -16830239 -12704283 -18632303 
76 -21901113 -12534096 -15480429 -12534109 -17197284 -12534099 -15475885 -12534112 -17191462 
77 -21523009 -12533870 -15944464 -12538060 -17731956 -12533870 -15923464 -12538240 -17731566 
78 -21834366 -12537743 -16481232 -12592506 -18299405 -12537732 -16471580 -12589265 -18285702 
79 -22110442 -12525100 -15541499 -12525166 -17289130 -12525104 -15542960 -12525149 -17279456 
80 -21753446 -12544048 -17423228 -13053093 -18923900 -12543402 -17406584 -13060844 -18922520 
81 -20528983 -12532923 -16362854 -12605689 -18100476 -12532946 -16363281 -12605792 -18105065 
82 -21653270 -12527493 -15416391 -12527489 -17121292 -12527489 -15420731 -12527484 -17126576 
83 -20818717 -12532258 -16146550 -12554098 -17927747 -12532253 -16147267 -12555458 -17937615 
84 -21055957 -14650111 -17577220 -14650191 -18888729 -14650127 -17581053 -14650717 -18871865 
85 -21165888 -12531625 -15455393 -12531853 -17199605 -12531631 -15468848 -12535329 -17371869 
86 -22060543 -12531382 -16396810 -12564875 -18206495 -12531391 -16433367 -12569072 -18235338 
87 -20860582 -12537904 -16231943 -12568972 -18013722 -12537901 -16217995 -12567578 -18000501 
88 -23199301 -12534050 -16938946 -12681589 -18725514 -12533985 -16931638 -12687940 -18736369 
89 -20919074 -12533792 -15462698 -12534084 -17180774 -12533790 -15459045 -12534062 -17177708 
90 -20504474 -12536929 -17041192 -13032059 -18600350 -12536653 -17035577 -13025756 -18594707 
91 -21085395 -12536910 -16018182 -12545885 -17781942 -12536905 -16001330 -12546726 -17802190 
92 -20474966 -12526829 -16006508 -12547984 -17788981 -12526825 -16033390 -12547865 -17788206 
93 -20729252 -12532462 -16506391 -12627170 -18254212 -12532478 -16507404 -12627762 -18257320 
94 -20702640 -12527738 -16297778 -12573207 -18063224 -12527742 -16293050 -12574419 -18065573 
95 -21790950 -12533544 -16881271 -12726829 -18619855 -12533541 -16871165 -12724417 -18623423 
96 -21316741 -12532578 -16082236 -12544224 -17877468 -12532574 -16080061 -12544739 -17885454 
97 -20680655 -12527612 -15994534 -12540867 -17774967 -12527603 -16000520 -12540422 -17765764 
98 -23131547 -12526841 -16744422 -12599120 -18538678 -12526846 -16759021 -12609238 -18572206 
99 -20983817 -12535536 -16453525 -12598887 -18215162 -12535550 -16465127 -12599837 -18224023 
100 -22411705 -12530075 -16249347 -12541731 -18054456 -12530056 -16239904 -12543681 -18070225 
