1 0.4687874 0.9519645 0.9339792 0.9516847 0.8831248 0.9519331 0.934446 0.9517418 0.8853841 
2 0.4584193 0.9525596 0.9368291 0.952431 0.8918799 0.9525396 0.9382373 0.9524082 0.8913206 
3 0.4566224 0.9520495 0.8211383 0.9286577 0.6276213 0.9520352 0.8185898 0.9162118 0.6023724 
4 0.4513518 0.9518628 0.8968261 0.9469104 0.7282234 0.9518685 0.8973302 0.9474522 0.736401 
5 0.4538989 0.9516055 0.8802641 0.9441308 0.7008654 0.9516568 0.8885383 0.9447156 0.7065143 
6 0.4761458 0.9518385 0.9140377 0.9491908 0.7833221 0.9518527 0.9099044 0.9494401 0.7896578 
7 0.4717681 0.9524661 0.9376807 0.9524347 0.8934871 0.952509 0.9372454 0.9524547 0.8959607 
8 0.4264463 0.9521722 0.9091403 0.9490412 0.767337 0.9521323 0.8974214 0.9499944 0.7876895 
9 0.4681624 0.9514885 0.8009635 0.9027134 0.5887764 0.9514856 0.800641 0.9000488 0.5865606 
10 0.3977939 0.9521618 0.8626872 0.9334182 0.644537 0.9521419 0.8590195 0.8878573 0.578694 
11 0.408693 0.9518934 0.9200233 0.9506425 0.824403 0.9519476 0.9113716 0.9504177 0.8154165 
12 0.4644174 0.951159 0.9274843 0.9507915 0.8648187 0.9511675 0.9296205 0.9507488 0.8657347 
13 0.4649096 0.9515412 0.8904161 0.9456391 0.7175596 0.9515098 0.8917903 0.9460607 0.7200259 
14 0.4623847 0.9520021 0.9308272 0.951141 0.8631702 0.9519936 0.9264683 0.9511837 0.8615314 
15 0.4424747 0.9520815 0.9064382 0.9491182 0.7659553 0.952073 0.9057517 0.9493169 0.7698514 
16 0.444982 0.9520593 0.8068561 0.9047582 0.5875976 0.9520137 0.79557 0.9078708 0.5906128 
17 0.4233927 0.9512788 0.9300662 0.9511504 0.8839377 0.9513073 0.9358043 0.9511533 0.8801033 
18 0.4462555 0.9519667 0.9213503 0.9507287 0.8099839 0.9519325 0.9160703 0.9502141 0.7943325 
19 0.5306996 0.9515532 0.9439058 0.9515475 0.9265987 0.9515817 0.9446298 0.951556 0.925486 
20 0.3087706 0.952565 0.9297339 0.952451 0.8793597 0.9525451 0.922796 0.9525052 0.8901397 
21 0.4313775 0.9520776 0.938133 0.9521202 0.9124282 0.9520718 0.9390151 0.9520803 0.9072101 
22 0.3734348 0.9511226 0.7539357 0.5709525 0.5708292 0.9505616 0.7072015 0.8622304 0.5685519 
23 0.4819069 0.9513008 0.9417909 0.9513749 0.9214007 0.9513293 0.9418699 0.9513321 0.919428 
24 0.4626024 0.9520056 0.89467 0.9465808 0.7266 0.951997 0.89506 0.9468442 0.7308829 
25 0.3731667 0.9511252 0.7364815 0.8284859 0.5641934 0.9514954 0.7783024 0.7741037 0.5631402 
26 0.4313778 0.9512124 0.8169247 0.9122836 0.5995401 0.9511697 0.800081 0.9045063 0.5902936 
27 0.4428535 0.9521038 0.931733 0.9520042 0.8819127 0.9520383 0.9364017 0.9520241 0.8910266 
28 0.4609098 0.9523474 0.9290597 0.9517884 0.8677728 0.9522903 0.9302794 0.9518368 0.8732574 
29 0.4480037 0.9512698 0.9161299 0.9486377 0.7725008 0.9512441 0.9049942 0.9489046 0.7818289 
30 0.4142088 0.9497128 0.6614017 0.797424 0.5640449 0.5719427 0.5723093 0.5719891 0.5720787 
31 0.4609773 0.9519359 0.9256921 0.9512546 0.8398042 0.9519273 0.9249154 0.9514227 0.8434658 
32 0.4520929 0.9522916 0.923811 0.9510874 0.8322684 0.952303 0.923085 0.9514325 0.8448109 
33 0.4693918 0.9523548 0.9165576 0.9504906 0.8031403 0.9523206 0.9173166 0.9500332 0.7901616 
34 0.4487021 0.9516022 0.9405743 0.9515024 0.9145145 0.9515908 0.9408107 0.9515223 0.9158393 
35 0.4650025 0.9513895 0.9025019 0.9481117 0.7519268 0.9513924 0.8998502 0.9476095 0.7472345 
36 0.4726982 0.9515734 0.9230612 0.9507235 0.8408004 0.9515905 0.9247955 0.9507492 0.8351324 
37 0.4333171 0.9516409 0.8572689 0.9314459 0.6330163 0.9515981 0.8331999 0.9308873 0.6308993 
38 0.3920418 0.9522753 0.9191374 0.9503481 0.8010409 0.9522952 0.9085497 0.9502998 0.8000922 
39 0.4576279 0.951563 0.8629663 0.9398712 0.6699503 0.951523 0.8712807 0.9397897 0.6695479 
40 0.4574108 0.9520548 0.9125382 0.9502451 0.7941269 0.9520177 0.9114907 0.950265 0.7918467 
41 0.4452508 0.9514932 0.7516514 0.8599122 0.5666866 0.9506242 0.7014033 0.8478384 0.5647152 
42 0.427332 0.9515332 0.79646 0.9004764 0.5823451 0.9515873 0.8027911 0.9038723 0.5856788 
43 0.465384 0.9516674 0.8800261 0.9440871 0.7025836 0.9516246 0.8808714 0.9437679 0.6989714 
44 0.4351068 0.952233 0.9275535 0.9515861 0.8450517 0.9522301 0.9212004 0.9515691 0.8410501 
45 0.4306703 0.9526704 0.9414405 0.952579 0.9143386 0.9526704 0.9365456 0.9524276 0.9007115 
46 0.471147 0.9514384 0.8833263 0.9434517 0.6965269 0.9513843 0.8810693 0.9437198 0.6975403 
47 0.4571636 0.9505862 0.8982362 0.946278 0.7449998 0.9506432 0.8982032 0.9465103 0.7472589 
48 0.4603597 0.9524037 0.9130011 0.9505946 0.7980414 0.9524265 0.9140097 0.9504979 0.796399 
49 0.4092899 0.9527454 0.9421794 0.95268 0.8998637 0.952714 0.9402648 0.9527369 0.9174043 
50 0.3674823 0.9522713 0.8343231 0.9423243 0.6880474 0.9522856 0.8543307 0.9388269 0.6653043 
51 0.4510108 0.9518207 0.8032566 0.8851686 0.5745955 0.9516236 0.7763747 0.8603788 0.566449 
52 0.4468033 0.9517796 0.9382943 0.9516912 0.9067338 0.9517368 0.9358897 0.9516343 0.8986323 
53 0.4357314 0.9513456 0.8380199 0.9243005 0.6186042 0.951337 0.8365228 0.9244684 0.6191979 
54 0.4395181 0.9513693 0.9358821 0.951224 0.8874256 0.9513693 0.9345384 0.9511671 0.8832178 
55 0.4440502 0.9513601 0.8084184 0.9069843 0.5885243 0.9513287 0.8020269 0.8950511 0.5779311 
56 0.4056478 0.9517995 0.8088109 0.9170017 0.5992593 0.951671 0.7649682 0.904741 0.5839898 
57 0.4726036 0.9518652 0.9267724 0.9510901 0.845843 0.9518938 0.9286421 0.9511271 0.8493019 
58 0.4610858 0.951763 0.9436441 0.9517345 0.9253028 0.9517972 0.9436068 0.9517972 0.9251406 
59 0.427272 0.9513736 0.9411389 0.9513596 0.9052018 0.9513908 0.9401577 0.9514023 0.9134084 
60 0.4473284 0.9521334 0.906305 0.9494247 0.7728854 0.9521306 0.9083521 0.9494787 0.7727251 
61 0.4180059 0.9519385 0.8878624 0.9449435 0.7110127 0.9519528 0.892539 0.9476357 0.7479753 
62 0.4437604 0.952261 0.9405988 0.9522581 0.9167275 0.9522039 0.9407001 0.9522638 0.9192321 
63 0.3206416 0.9511947 0.9188946 0.9502819 0.8130873 0.9511805 0.9279275 0.9512375 0.8924549 
64 0.4048183 0.9521062 0.9188798 0.9512788 0.8289029 0.9521348 0.9143132 0.9513985 0.8377196 
65 0.4632301 0.952194 0.8669185 0.9412312 0.6776023 0.9522254 0.8686194 0.9403118 0.6726503 
66 0.4682252 0.570704 0.5707106 0.6108259 0.5666048 0.9500428 0.6749959 0.6957508 0.564411 
67 0.460055 0.9511118 0.8914093 0.9444824 0.7158102 0.9510519 0.8881826 0.9440018 0.7111063 
68 0.4162044 0.9517813 0.8550961 0.9338653 0.6412597 0.9518383 0.8721269 0.9374885 0.6583141 
69 0.4315837 0.9518836 0.9042 0.9486616 0.7649943 0.9518837 0.9120396 0.94869 0.7641939 
70 0.4513788 0.9518752 0.9288671 0.9511862 0.8413497 0.9518039 0.9253251 0.9512688 0.8482536 
71 0.3492013 0.9516242 0.7682766 0.8467273 0.565196 0.570286 0.5703161 0.567888 0.5698549 
72 0.4674584 0.9520398 0.8377132 0.9275609 0.6222399 0.9520028 0.8342686 0.9235099 0.6130011 
73 0.3280501 0.9523394 0.9396525 0.9522994 0.9077733 0.9523166 0.9388697 0.9523139 0.9101824 
74 0.316415 0.9518601 0.9350898 0.9518062 0.9008288 0.9518658 0.9121558 0.9514444 0.8578632 
75 0.4316277 0.9525918 0.8297624 0.8834716 0.5756295 0.9519883 0.7540349 0.9095267 0.5936233 
76 0.4206962 0.9522353 0.8085149 0.861399 0.5691373 0.9521584 0.7987576 0.8685611 0.57084 
77 0.5200994 0.9517594 0.9448188 0.9517652 0.9278807 0.9518079 0.9442286 0.9517623 0.9284926 
78 0.4647039 0.951841 0.889452 0.9445337 0.7096487 0.9518182 0.8883923 0.9446637 0.7103433 
79 0.4664492 0.9516211 0.7849004 0.8949312 0.5795697 0.9518178 0.80527 0.8976218 0.5813068 
80 0.4111317 0.9519636 0.9398951 0.9518009 0.9064572 0.9518951 0.9344634 0.9519008 0.9145592 
81 0.4627362 0.9515742 0.8671988 0.9334903 0.6451615 0.9514687 0.8509908 0.9288806 0.6300457 
82 0.4352175 0.9511568 0.8190404 0.9134455 0.5994201 0.9511625 0.8206184 0.9192498 0.6084178 
83 0.4633815 0.9521953 0.9331434 0.9520155 0.8785192 0.952181 0.9332048 0.9520127 0.8732892 
84 0.4835368 0.9526139 0.9440188 0.9526139 0.9257236 0.9526738 0.9438889 0.952631 0.9261363 
85 0.4378196 0.9517523 0.7761969 0.9148889 0.5966307 0.9517381 0.7785456 0.8947502 0.5776033 
86 0.4462189 0.9521128 0.9102987 0.9501319 0.7962336 0.9521128 0.9135756 0.9500524 0.7965225 
87 0.4666513 0.9517119 0.9322035 0.9516948 0.8708167 0.9516407 0.9307743 0.9516521 0.8689261 
88 0.4705153 0.951687 0.869265 0.9384649 0.6684662 0.9517127 0.869034 0.9385405 0.6687794 
89 0.4245476 0.9519832 0.9327642 0.9518947 0.8891175 0.9520231 0.9374326 0.9518861 0.8949184 
90 0.4643201 0.9519966 0.9334257 0.9514775 0.8750517 0.9519995 0.9304744 0.9515858 0.8898478 
91 0.5076996 0.9522279 0.9429728 0.9522136 0.924176 0.9522479 0.9425217 0.952245 0.9244379 
92 0.4735825 0.9518571 0.8553874 0.9353735 0.64888 0.9518942 0.8639116 0.9357611 0.6504404 
93 0.4412115 0.9523863 0.9343743 0.9522721 0.8822852 0.9524348 0.933327 0.9523263 0.8848089 
94 0.3500752 0.9515438 0.9354746 0.9515038 0.9063838 0.9515267 0.9381427 0.9514155 0.9043219 
95 0.4569161 0.9514668 0.8555257 0.9324006 0.6416323 0.9514839 0.8617218 0.9350148 0.6520466 
96 0.4575072 0.9520447 0.9376599 0.9519163 0.8998825 0.9520561 0.9368776 0.9519049 0.8972789 
97 0.4379905 0.9519745 0.8705781 0.9407951 0.6716977 0.9520316 0.8712621 0.9418236 0.6786639 
98 0.4693844 0.9522836 0.8769555 0.9415036 0.6836061 0.9522094 0.8758321 0.9418273 0.6847681 
99 0.4445409 0.9518884 0.9346686 0.9518171 0.8905364 0.9518856 0.9366179 0.951837 0.8975885 
100 0.4747029 0.9519018 0.9282625 0.9514541 0.8608355 0.9518533 0.9278578 0.9514741 0.860016 
