1 0.3410494 0.3713243 0.4051949 0.4079635 -39715485 -39611739 -40518887 
2 0.3150103 0.3620735 0.3625965 0.375892 -39948876 -39610636 -40461731 
3 0.3055542 0.3334892 0.3428178 0.3647774 -39852154 -39813062 -40521111 
4 0.3429306 0.392957 0.4080091 0.3900648 -39723137 -39617301 -40427004 
5 0.3475087 0.3444004 0.3725783 0.4080322 -40079168 -39957614 -40643446 
6 0.3708952 0.3811875 0.4021043 0.3623581 -39773512 -39614472 -40491887 
7 0.4255786 0.449053 0.4491525 0.3656133 -39652890 -39575378 -40503589 
8 0.3360727 0.4136276 0.4232917 0.3915021 -40037842 -39817755 -40632257 
9 0.2429204 0.3116448 0.3134256 0.3852908 -40239701 -40021583 -40649961 
10 0.3088456 0.3529455 0.3726665 0.3663528 -39956933 -39821827 -40527987 
11 0.3613384 0.3767954 0.4289285 0.3629907 -39617985 -39491843 -40380445 
12 0.2825696 0.336036 0.3462763 0.362909 -40023498 -39886912 -40610299 
13 0.3930659 0.3842401 0.4111541 0.3618203 -39915058 -39844344 -40519061 
14 0.3686736 0.3832788 0.4242123 0.3939729 -39737968 -39614423 -40468709 
15 0.2807244 0.2867279 0.2874761 0.3901702 -40194361 -40035381 -40671688 
16 0.3037567 0.3102748 0.3312767 0.3617562 -39680677 -39657466 -40521928 
17 0.3267409 0.3554622 0.3780313 0.4089549 -39701248 -39593731 -40484668 
18 0.3432489 0.3478485 0.3892263 0.3617142 -39726573 -39624168 -40502040 
19 0.3831818 0.4052017 0.4539654 0.3900648 -39494969 -39423704 -40354153 
20 0.2776776 0.2719475 0.2869568 0.3642715 -40094356 -39997369 -40712182 
21 0.3309622 0.3454321 0.3726931 0.3629046 -39657774 -39575685 -40419887 
22 0.3757913 0.3323256 0.3511815 0.3757672 -39966766 -40017417 -40631310 
23 0.3984356 0.4388568 0.4369043 0.3615981 -39922024 -39699023 -40476374 
24 0.2738873 0.3271471 0.3195833 0.3810099 -40036226 -39911475 -40607727 
25 0.3281885 0.366227 0.3731761 0.3852908 -39999647 -39765198 -40641997 
26 0.3002751 0.3523605 0.3608992 0.3657316 -40209234 -39944989 -40633713 
27 0.3452219 0.4214899 0.410148 0.3616393 -39908974 -39809414 -40574498 
28 0.335087 0.3607976 0.3800568 0.361691 -39712490 -39662068 -40587363 
29 0.3308843 0.3328457 0.3496049 0.3377783 -39977257 -39675014 -40579018 
30 0.3728213 0.3693079 0.408385 0.3646833 -39653096 -39554897 -40453380 
31 0.2954237 0.3272063 0.3675428 0.4054462 -39845842 -39529719 -40480987 
32 0.3506745 0.3644444 0.4071608 0.3615981 -39837932 -39731660 -40491215 
33 0.3202644 0.4141625 0.4360955 0.3901699 -39989073 -39614955 -40492321 
34 0.3045069 0.3170708 0.3541017 0.366147 -39830588 -39666599 -40511892 
35 0.3986873 0.4131016 0.4176452 0.3615981 -39909394 -39686057 -40519104 
36 0.3126686 0.3463787 0.3567152 0.3204874 -40026075 -39948975 -40628260 
37 0.3513234 0.363596 0.3936751 0.3902191 -39737271 -39655050 -40478832 
38 0.3196828 0.3556233 0.3988378 0.3646833 -39659905 -39612573 -40379185 
39 0.3304259 0.3571185 0.3847428 0.3646833 -39939802 -39671155 -40558669 
40 0.2412755 0.3040621 0.2813495 0.4070006 -40104621 -39913285 -40637634 
41 0.2806386 0.2702717 0.2941966 0.3656999 -40096689 -40053647 -40655126 
42 0.3134341 0.3240452 0.3601338 0.3615981 -39803373 -39675374 -40604615 
43 0.3276649 0.3153969 0.3579998 0.3492829 -39903704 -39750275 -40575430 
44 0.2248204 0.293065 0.2839278 0.3651761 -40155655 -39950067 -40704502 
45 0.4006146 0.3972221 0.4093576 0.4028174 -39586115 -39615369 -40463590 
46 0.3492279 0.3932319 0.4309931 0.3942627 -39665905 -39587058 -40418384 
47 0.3825503 0.401902 0.4374017 0.4079948 -39865442 -39506486 -40444276 
48 0.2885484 0.3529225 0.3710554 0.3663528 -39968242 -39546820 -40504163 
49 0.3336804 0.3981017 0.4140984 0.3615865 -39806234 -39640189 -40499614 
50 0.3629182 0.3102273 0.3283108 0.3625292 -39670863 -39940039 -40628122 
51 0.2471068 0.3123767 0.3006789 0.3851318 -40100626 -39803664 -40640914 
52 0.2434541 0.3138095 0.3289668 0.3615981 -40163862 -40041231 -40691081 
53 0.3853621 0.4022881 0.4062774 0.363756 -39821795 -39723961 -40599837 
54 0.311638 0.3485833 0.3744471 0.3168805 -39865590 -39620813 -40519583 
55 0.3285934 0.3644307 0.3759514 0.3852462 -39869845 -39682894 -40550508 
56 0.3940841 0.4054174 0.4424257 0.3617826 -39986768 -39704706 -40539081 
57 0.3280982 0.3792794 0.39244 0.3663528 -39832055 -39653680 -40509410 
58 0.3042684 0.3238714 0.34891 0.3647779 -39658215 -39590948 -40546474 
59 0.2803731 0.3701991 0.3941093 0.3644913 -40056852 -39617788 -40501904 
60 0.2999661 0.336326 0.3602616 0.3761066 -39588009 -39542136 -40444949 
61 0.2668428 0.3313748 0.3450988 0.3902574 -40132161 -39866096 -40591629 
62 0.3168393 0.3696801 0.3730662 0.3882254 -40049662 -39874678 -40630144 
63 0.3520424 0.3588613 0.3882384 0.3914611 -39855339 -39648153 -40485749 
64 0.311558 0.3137574 0.3492214 0.3901862 -39554928 -39524928 -40419919 
65 0.3157638 0.3755159 0.3606106 0.3811689 -40134336 -40021404 -40622955 
66 0.3260815 0.3591168 0.3663232 0.408283 -40075226 -39970708 -40632968 
67 0.3814917 0.3809302 0.3969948 0.393203 -39976433 -39841670 -40531203 
68 0.2538295 0.2768798 0.2781728 0.3939628 -40080108 -39986901 -40617192 
69 0.3018233 0.3387417 0.3597108 0.3663528 -39712465 -39692853 -40518438 
70 0.2684653 0.3647101 0.3963423 0.3878424 -39719178 -39643864 -40598749 
71 0.4268103 0.4414899 0.490943 0.3279507 -39520711 -39515330 -40356752 
72 0.3135963 0.3304383 0.3501741 0.3615981 -39758080 -39737953 -40552673 
73 0.2894719 0.3490537 0.3761924 0.3931414 -39665004 -39572645 -40398276 
74 0.3869082 0.4553363 0.4721599 0.362909 -39828003 -39697788 -40461436 
75 0.3701402 0.3942526 0.41464 0.3663528 -39943403 -39850333 -40530943 
76 0.3782842 0.4187124 0.4548636 0.3651338 -39835177 -39546886 -40436686 
77 0.382082 0.3948344 0.4374306 0.4079506 -39659177 -39502792 -40374976 
78 0.291733 0.3098474 0.3309842 0.3615981 -40051377 -40041136 -40705081 
79 0.3334347 0.3877841 0.4104458 0.3816039 -39691874 -39624491 -40441506 
80 0.2847049 0.334869 0.3583452 0.3616225 -39607663 -39515366 -40444684 
81 0.3325464 0.3481431 0.3814102 0.3852908 -39553587 -39545349 -40418051 
82 0.2969943 0.3381386 0.3452972 0.3915649 -40036541 -39902313 -40649862 
83 0.3036197 0.392288 0.4358047 0.3616237 -39719128 -39605360 -40469615 
84 0.3275976 0.3614806 0.394564 0.3769003 -39615834 -39567520 -40417306 
85 0.3044482 0.3300964 0.3401728 0.361654 -40049678 -39915108 -40626602 
86 0.2605268 0.2880358 0.3152937 0.3616986 -40127376 -40056327 -40605343 
87 0.3136353 0.3765136 0.369497 0.3757466 -40093006 -39795658 -40543624 
88 0.2615577 0.2618912 0.2866634 0.284857 -40030230 -40018637 -40641551 
89 0.3501081 0.3586446 0.366377 0.3852463 -40010912 -39854301 -40593676 
90 0.3547169 0.4205153 0.4466189 0.3619366 -39946133 -39816941 -40536553 
91 0.4091214 0.3485048 0.3937979 0.3673417 -39793179 -39889660 -40593408 
92 0.3757062 0.3803984 0.4312623 0.3615981 -39698648 -39637268 -40549568 
93 0.3447968 0.3379572 0.373702 0.3652907 -39593576 -39577942 -40420640 
94 0.2757349 0.3408182 0.3485969 0.3630246 -39901895 -39712452 -40497825 
95 0.3819179 0.3857989 0.4160163 0.3170859 -39805664 -39637635 -40567411 
96 0.2914742 0.3702721 0.3990735 0.3646833 -39867341 -39642030 -40447945 
97 0.2999401 0.3256599 0.32163 0.3616296 -39890458 -39864092 -40605923 
98 0.3092944 0.3617772 0.3865369 0.3836723 -40132553 -40032179 -40641074 
99 0.3380073 0.3315289 0.3252124 0.3663528 -40003016 -39885245 -40614559 
100 0.2729042 0.3014988 0.3136592 0.365534 -39986651 -39917460 -40599709 
