1 0.4007664 0.4528926 0.4206348 0.4072827 -21813906 -21712965 -22043162 
2 0.3548592 0.4126788 0.3907068 0.3601877 -21827854 -21742564 -21994540 
3 0.3767928 0.4160067 0.4362107 0.3667524 -21731996 -21678602 -21934436 
4 0.3848504 0.4096735 0.4368412 0.3888328 -21754475 -21691301 -21947807 
5 0.3864649 0.3803974 0.382357 0.3514115 -21908952 -21868437 -22056503 
6 0.4805373 0.4919147 0.5199755 0.3625421 -21690884 -21697124 -21977256 
7 0.3079093 0.3352266 0.3211777 0.3645127 -21976793 -21916352 -22105005 
8 0.4198996 0.4750815 0.4890108 0.3906864 -21811305 -21709778 -22013645 
9 0.3855628 0.4386966 0.4149956 0.3848313 -21833805 -21705580 -22000843 
10 0.3948262 0.4462729 0.4652179 0.3644591 -21790613 -21738866 -21948438 
11 0.4329633 0.4562942 0.4979381 0.3589036 -21694639 -21657786 -21931321 
12 0.3116179 0.3770283 0.3631366 0.3640651 -21921635 -21870416 -22086697 
13 0.4190527 0.4157626 0.4322487 0.3666779 -21805118 -21734793 -22022874 
14 0.4087437 0.4563315 0.4716954 0.3933361 -21717741 -21676262 -21943494 
15 0.3950672 0.4212607 0.405472 0.3916172 -21911471 -21839783 -22042813 
16 0.3739836 0.4041002 0.4341872 0.3605466 -21839739 -21718376 -22005152 
17 0.3846751 0.4486636 0.4289411 0.4077876 -21681449 -21716382 -22003751 
18 0.4201406 0.4249927 0.4650749 0.3605808 -21750498 -21730991 -21957875 
19 0.4814606 0.5023618 0.5359689 0.3608104 -21616015 -21590943 -21904918 
20 0.3345599 0.3613096 0.3537616 0.3622294 -21889573 -21805840 -22048412 
21 0.4461709 0.4566949 0.4887752 0.3642212 -21693152 -21638219 -21919168 
22 0.4045371 0.4460306 0.459243 0.3751881 -21931607 -21843470 -22034303 
23 0.4711602 0.5608292 0.5294319 0.3605834 -21811436 -21690388 -21977568 
24 0.514412 0.5448499 0.5578563 0.4077876 -21720576 -21666929 -21923687 
25 0.3792916 0.4185567 0.4090123 0.3911152 -21778774 -21705683 -22018351 
26 0.4227139 0.4525787 0.4441863 0.3645127 -21879051 -21779957 -22051066 
27 0.4295907 0.4830065 0.4592647 0.360486 -21794695 -21730804 -22013253 
28 0.4432 0.410339 0.4273682 0.3605641 -21748070 -21677070 -21983168 
29 0.3447981 0.5274235 0.4991394 0.3376197 -21994743 -21738812 -22038215 
30 0.38533 0.4785008 0.4827869 0.3666779 -21752492 -21689596 -21970600 
31 0.3996587 0.4495014 0.4622315 0.4055736 -21738024 -21684112 -21941289 
32 0.4770044 0.4832381 0.5264543 0.3604989 -21717211 -21680199 -21968760 
33 0.4524397 0.4765046 0.4857386 0.3898033 -21714990 -21677107 -21944839 
34 0.3937938 0.4364472 0.4431886 0.3643296 -21710191 -21670854 -21963509 
35 0.4487177 0.4657159 0.4935647 0.3666289 -21720710 -21663989 -21964438 
36 0.3751275 0.368302 0.3778803 0.3203956 -21911820 -21874572 -22063698 
37 0.3878648 0.4065136 0.4474838 0.3890837 -21681990 -21660617 -21936658 
38 0.383268 0.4346609 0.4360166 0.3246229 -21740470 -21697537 -21960826 
39 0.4013918 0.4431109 0.450713 0.3666779 -21776250 -21696142 -21983295 
40 0.2943964 0.3283381 0.3257376 0.3667469 -21783377 -21738364 -22018024 
41 0.3170217 0.33553 0.3377326 0.3640129 -21710849 -21683214 -22011880 
42 0.3848058 0.4599878 0.4395704 0.3605041 -21866521 -21757048 -22059283 
43 0.4640834 0.4983111 0.4826944 0.344482 -21709141 -21685442 -22004338 
44 0.2626838 0.3439384 0.3378836 0.3639743 -21764836 -21724336 -22041859 
45 0.3986219 0.4143735 0.4328937 0.3939007 -21723872 -21708774 -21973652 
46 0.3875792 0.4049998 0.4262851 0.4077876 -21743641 -21723865 -21966928 
47 0.3908224 0.4478788 0.4724528 0.3666779 -21728027 -21663248 -21965925 
48 0.3838977 0.4134411 0.4301428 0.3644394 -21729335 -21709028 -21977298 
49 0.3640942 0.422986 0.3960683 0.3605745 -21781180 -21761131 -22033100 
50 0.3835259 0.4090296 0.4447739 0.3614535 -21707716 -21687430 -21929527 
51 0.3339016 0.4044965 0.3892323 0.3846619 -21899398 -21795402 -22033201 
52 0.3892589 0.3740266 0.3596031 0.3604564 -21930206 -21911766 -22090599 
53 0.3057984 0.4047011 0.3164067 0.3641472 -21952896 -21806427 -22101368 
54 0.4146943 0.4687024 0.4658279 0.3160838 -21717498 -21684485 -21968318 
55 0.473536 0.4746938 0.4742239 0.3692104 -21794562 -21712429 -22046211 
56 0.4848294 0.4992249 0.5023336 0.3617518 -21729914 -21678665 -21960245 
57 0.377839 0.4028893 0.3441556 0.3644591 -21866740 -21836379 -22111705 
58 0.4071986 0.426656 0.4104495 0.3636881 -21724724 -21678036 -21980868 
59 0.4459064 0.4814558 0.5204214 0.3647399 -21702956 -21637082 -21916688 
60 0.2972183 0.3539052 0.3417375 0.3757243 -21958546 -21896117 -22074895 
61 0.4348131 0.4901095 0.4940366 0.3895418 -21850100 -21732502 -22001290 
62 0.4126581 0.4396694 0.4508784 0.3848284 -21814451 -21731701 -21994742 
63 0.4025927 0.4081174 0.430728 0.3914751 -21781109 -21737164 -21990211 
64 0.4053661 0.4080701 0.4471655 0.3892373 -21750540 -21719137 -21950701 
65 0.3556002 0.4570624 0.4480809 0.3805837 -21950143 -21793613 -22038581 
66 0.3770852 0.5082987 0.4572105 0.4072562 -21941711 -21830612 -22052435 
67 0.3932328 0.4183668 0.4153481 0.384957 -21888039 -21791731 -22026835 
68 0.3782514 0.440364 0.4344355 0.3933956 -21895899 -21692195 -21976627 
69 0.3935955 0.4118603 0.4221579 0.3645127 -21782016 -21746743 -21989068 
70 0.3157814 0.2888649 0.2855109 0.3896467 -21757147 -21895369 -22109022 
71 0.461938 0.5103832 0.5346169 0.2939788 -21712987 -21664710 -21944603 
72 0.3260622 0.417501 0.4085337 0.3604989 -21818938 -21726901 -22022485 
73 0.3670306 0.4200749 0.4053414 0.3923593 -21706900 -21609939 -21979042 
74 0.4978254 0.4895548 0.553375 0.3623359 -21662948 -21639400 -21899791 
75 0.4883201 0.5392099 0.5353472 0.3645127 -21839099 -21708049 -21974143 
76 0.4562028 0.4941868 0.5266944 0.363872 -21704452 -21642268 -21922086 
77 0.4215104 0.4053247 0.4367065 0.4072634 -21723505 -21699531 -21938707 
78 0.3105525 0.4283436 0.4212652 0.3605399 -21913703 -21710562 -22047382 
79 0.4104498 0.4471656 0.4650909 0.3749316 -21765873 -21759201 -21991430 
80 0.4003935 0.4247305 0.4372958 0.3605466 -21713505 -21675194 -21932639 
81 0.369999 0.3904481 0.4084189 0.3847966 -21717172 -21696220 -21961937 
82 0.3896711 0.4444937 0.456722 0.3605435 -21714401 -21678550 -21965502 
83 0.3892882 0.4732171 0.4792142 0.3619229 -21833215 -21699716 -21981286 
84 0.3560413 0.4045177 0.4164343 0.333584 -21780387 -21684883 -21987468 
85 0.4162612 0.4382304 0.4343867 0.3608104 -21854867 -21783695 -21996894 
86 0.356955 0.4145356 0.4335058 0.3619229 -21905011 -21876190 -22048611 
87 0.3749659 0.4326643 0.420226 0.3750473 -21897694 -21802794 -22016832 
88 0.3130625 0.3469001 0.3384749 0.3605185 -21896902 -21853052 -22051281 
89 0.4216104 0.4297349 0.4557843 0.3846619 -21796578 -21741805 -21996459 
90 0.4786409 0.5262866 0.5375818 0.3644591 -21777940 -21662702 -21984010 
91 0.3812533 0.4270625 0.3880794 0.3671702 -21887147 -21812639 -22056532 
92 0.4349676 0.4513073 0.4931458 0.3604826 -21699906 -21648902 -21944247 
93 0.3808845 0.464993 0.4611217 0.3624965 -21737194 -21692088 -21946006 
94 0.3266642 0.4112829 0.3764212 0.3622787 -21870228 -21758254 -22025352 
95 0.423602 0.4473825 0.4515324 0.3544764 -21775469 -21694423 -22014121 
96 0.3398277 0.4441709 0.4014332 0.3666779 -21842281 -21722914 -22008713 
97 0.2817111 0.3302367 0.351897 0.3200451 -21673259 -21668128 -21995056 
98 0.4105819 0.4256069 0.4599575 0.3846619 -21792315 -21729507 -22011418 
99 0.388137 0.4274626 0.4091504 0.3644591 -21858341 -21812953 -22026434 
100 0.3961716 0.4207668 0.453228 0.3645127 -21753279 -21719292 -21979693 
