1 0.4490062 0.5188942 0.5027211 0.3207733 
2 0.4725807 0.4659543 0.4868254 0.3615138 
3 0.4021459 0.4064165 0.3986389 0.3330945 
4 0.4142625 0.4354451 0.4440527 0.378006 
5 0.4197065 0.4935052 0.4359907 0.3922957 
6 0.3703661 0.4387797 0.4351845 0.3375174 
7 0.3299 0.4542315 0.4254345 0.3370869 
8 0.3752137 0.3871502 0.3733736 0.373324 
9 0.4259142 0.4686729 0.4724114 0.3613358 
10 0.3367213 0.4273319 0.430561 0.3375174 
11 0.3843195 0.444626 0.4350148 0.3370066 
12 0.4540896 0.4638843 0.4687583 0.3330945 
13 0.4186195 0.4681565 0.4570684 0.3207037 
14 0.3536487 0.358579 0.3715887 0.3884568 
15 0.4180225 0.4219965 0.4302171 0.333056 
16 0.3748322 0.4106181 0.4046268 0.3375174 
17 0.3170854 0.3479805 0.3396447 0.3882766 
18 0.4031852 0.4261712 0.4202498 0.3373397 
19 0.4361835 0.5006885 0.480654 0.3370066 
20 0.3613635 0.4000699 0.3780754 0.3922518 
21 0.4491407 0.4827955 0.4818773 0.3375174 
22 0.443801 0.5045506 0.4603448 0.3370066 
23 0.4128897 0.5046835 0.4614853 0.2873142 
24 0.4068275 0.4232982 0.4432258 0.3207629 
25 0.4282313 0.4542885 0.4607637 0.3922554 
26 0.4501799 0.485628 0.4895346 0.3661191 
27 0.4051844 0.4562694 0.4377755 0.3330945 
28 0.3740518 0.4492917 0.4084027 0.3371166 
29 0.4183076 0.5197168 0.4698649 0.32067 
30 0.4227329 0.5092468 0.4765892 0.3447374 
31 0.3487976 0.3738746 0.3316232 0.3921914 
32 0.3842279 0.4420007 0.4090327 0.3374897 
33 0.3346415 0.4001305 0.3488348 0.3620606 
34 0.4600152 0.4806303 0.4802377 0.3370066 
35 0.3666557 0.3980424 0.3678699 0.3656691 
36 0.2784058 0.4564064 0.3635698 0.3922616 
37 0.432647 0.4533498 0.4464477 0.3371309 
1 0.4490062 0.5188942 0.5027211 0.3207733 -4976302 -4960010 -5004535 
2 0.4725807 0.4659543 0.4868254 0.3615138 -4965974 -4955499 -4997964 
3 0.4021459 0.4064165 0.3986389 0.3330945 -4976257 -4965350 -5005765 
4 0.4142625 0.4354451 0.4440527 0.378006 -4977431 -4960497 -5004900 
5 0.4197065 0.4935052 0.4359907 0.3922957 -4990700 -4971517 -5016489 
6 0.3703661 0.4387797 0.4351845 0.3375174 -4980458 -4960815 -5011048 
7 0.3299 0.4542315 0.4254345 0.3370869 -4993064 -4962076 -5010694 
8 0.3752137 0.3871502 0.3733736 0.373324 -4992210 -4982738 -5015137 
9 0.4259142 0.4686729 0.4724114 0.3613358 -4971120 -4961504 -5007650 
10 0.3367213 0.4273319 0.430561 0.3375174 -5001477 -4960648 -5010305 
11 0.3843195 0.444626 0.4350148 0.3370066 -4966568 -4957615 -5003989 
12 0.4540896 0.4638843 0.4687583 0.3330945 -4975549 -4956229 -5003403 
13 0.4186195 0.4681565 0.4570684 0.3207037 -4969423 -4958060 -5006161 
14 0.3536487 0.358579 0.3715887 0.3884568 -4976302 -4969817 -5007786 
15 0.4180225 0.4219965 0.4302171 0.333056 -4974707 -4959345 -5005466 
16 0.3748322 0.4106181 0.4046268 0.3375174 -4987748 -4967656 -5008165 
17 0.3170854 0.3479805 0.3396447 0.3882766 -4999089 -4978229 -5015248 
18 0.4031852 0.4261712 0.4202498 0.3373397 -4978177 -4958167 -5005373 
19 0.4361835 0.5006885 0.480654 0.3370066 -4991562 -4960196 -5010115 
20 0.3613635 0.4000699 0.3780754 0.3922518 -4972773 -4963390 -5008718 
21 0.4491407 0.4827955 0.4818773 0.3375174 -4966001 -4957103 -4999101 
22 0.443801 0.5045506 0.4603448 0.3370066 -4985619 -4962871 -5010826 
23 0.4128897 0.5046835 0.4614853 0.2873142 -4976413 -4957229 -5009152 
24 0.4068275 0.4232982 0.4432258 0.3207629 -4966212 -4959044 -5001679 
25 0.4282313 0.4542885 0.4607637 0.3922554 -4973382 -4962218 -5005561 
26 0.4501799 0.485628 0.4895346 0.3661191 -4981949 -4955819 -5006301 
27 0.4051844 0.4562694 0.4377755 0.3330945 -4990817 -4960132 -5009218 
28 0.3740518 0.4492917 0.4084027 0.3371166 -4974773 -4960583 -5011521 
29 0.4183076 0.5197168 0.4698649 0.32067 -4997305 -4972235 -5013527 
30 0.4227329 0.5092468 0.4765892 0.3447374 -4977322 -4955112 -5008106 
31 0.3487976 0.3738746 0.3316232 0.3921914 -4991756 -4972398 -5013626 
32 0.3842279 0.4420007 0.4090327 0.3374897 -4989075 -4964217 -5013313 
33 0.3346415 0.4001305 0.3488348 0.3620606 -5005064 -4967104 -5015024 
34 0.4600152 0.4806303 0.4802377 0.3370066 -4974886 -4958296 -5011473 
35 0.3666557 0.3980424 0.3678699 0.3656691 -4990593 -4971556 -5016283 
36 0.2784058 0.4564064 0.3635698 0.3922616 -5012598 -4965192 -5020205 
37 0.432647 0.4533498 0.4464477 0.3371309 -4977540 -4961948 -5009695 
38 0.3612633 0.4070468 0.3969937 0.3375174 -4977288 -4964759 -5006713 
39 0.4699282 0.4753988 0.4908956 0.3661156 -4973218 -4957465 -5002278 
40 0.3961721 0.4104749 0.4063447 0.3881587 -4967893 -4961142 -5002497 
41 0.3919109 0.4149329 0.3906902 0.333074 -4993684 -4973954 -5014636 
42 0.3846212 0.4638488 0.4188585 0.366162 -4993773 -4967377 -5018799 
43 0.3681237 0.4830916 0.4349844 0.3660119 -4993333 -4961982 -5011644 
44 0.4311104 0.4691652 0.4221417 0.3375174 -4975282 -4964995 -5008538 
45 0.4046474 0.4330393 0.4345012 0.375983 -4969378 -4962264 -5003321 
46 0.4404671 0.4404549 0.4607709 0.3449035 -4970403 -4960936 -5000664 
47 0.4026241 0.4454766 0.4279768 0.3661207 -4985393 -4961236 -5008308 
48 0.4577345 0.4728646 0.4829892 0.3375174 -4977440 -4957639 -5001729 
49 0.3773685 0.4397618 0.4246851 0.3620505 -4989549 -4964641 -5010597 
50 0.4298126 0.4348923 0.4312948 0.3660356 -4982939 -4966015 -5011614 
51 0.4103103 0.4775904 0.4373957 0.3613585 -4986420 -4967534 -5010463 
52 0.330622 0.3924938 0.3853832 0.3370066 -4996827 -4966497 -5016074 
53 0.3941685 0.4044503 0.4113197 0.3330766 -4967124 -4963014 -5001966 
54 0.3075477 0.4086951 0.3166865 0.3619526 -5006738 -4980950 -5020406 
55 0.4570465 0.4509986 0.46126 0.3660673 -4969458 -4956554 -5001460 
56 0.3633937 0.5099621 0.4742157 0.3660334 -4994760 -4959819 -5012053 
57 0.3424339 0.3827174 0.3479084 0.3330784 -4997487 -4981696 -5016416 
58 0.4984188 0.5241089 0.5160897 0.3622282 -4967819 -4956027 -4998798 
59 0.4080136 0.4299223 0.4356543 0.3450691 -4981418 -4961590 -5010346 
60 0.3583371 0.4578433 0.409246 0.3370066 -4986157 -4970750 -5019851 
61 0.3838573 0.414658 0.414922 0.3620505 -4973553 -4964840 -5006258 
62 0.3796291 0.4608142 0.4021997 0.3622282 -5010063 -4980919 -5021253 
63 0.3861585 0.3837965 0.3898383 0.3924622 -4975673 -4963007 -5006558 
64 0.4191466 0.4226906 0.4424965 0.3620505 -4965351 -4961468 -5000252 
65 0.4503849 0.4361928 0.4549694 0.3922906 -4976142 -4960173 -5002580 
66 0.3781463 0.4253061 0.4242295 0.3660126 -4968368 -4961374 -5005151 
67 0.4120557 0.4719878 0.4741409 0.3620505 -4974779 -4961466 -5005150 
68 0.3953935 0.4061258 0.4176712 0.3622282 -4962329 -4958875 -4999454 
69 0.4405686 0.4693599 0.4814096 0.2883092 -4971598 -4957629 -5000953 
70 0.404052 0.4497709 0.4214367 0.3621675 -4992812 -4974223 -5011772 
71 0.3708773 0.4156114 0.4107426 0.3374513 -4996552 -4965699 -5017850 
72 0.4448453 0.445798 0.4640669 0.3921914 -4964979 -4954571 -4997558 
73 0.404556 0.4171565 0.4131591 0.3510715 -4978676 -4967511 -5009138 
74 0.4503037 0.4499616 0.4689605 0.333074 -4970502 -4960211 -5001350 
75 0.3649053 0.4354806 0.4144757 0.3330641 -4999735 -4971264 -5016017 
76 0.4639293 0.4595922 0.4788815 0.3375174 -4966743 -4955961 -5001246 
77 0.4635869 0.4641472 0.485754 0.3922906 -4965418 -4956123 -4996245 
78 0.393473 0.4736649 0.4652899 0.3370066 -4977795 -4958615 -5007029 
79 0.350877 0.3660673 0.348483 0.3620505 -4980731 -4968151 -5010064 
80 0.4854236 0.4908874 0.4894154 0.3375291 -4974848 -4957437 -5003931 
81 0.4580271 0.4761103 0.4835426 0.3620606 -4975891 -4956372 -5003544 
82 0.4056941 0.4896705 0.4629287 0.3370066 -4992453 -4960308 -5010901 
83 0.4349554 0.4419897 0.463314 0.3613114 -4966444 -4961385 -4998752 
84 0.3278124 0.4524475 0.4190751 0.3923026 -5004138 -4965862 -5016715 
85 0.432211 0.4767372 0.4860898 0.2988736 -4977946 -4955769 -5004026 
86 0.4536555 0.4719184 0.4722894 0.333036 -4976525 -4964404 -5006640 
87 0.3611444 0.4685562 0.4560995 0.333036 -4994903 -4958790 -5013395 
88 0.3451612 0.3767011 0.3672817 0.3660272 -4993459 -4979232 -5013218 
89 0.3816335 0.4747188 0.4119809 0.3370066 -4991451 -4965611 -5013016 
90 0.4411166 0.4776454 0.4672824 0.3375174 -4974807 -4960263 -5002045 
91 0.4244216 0.4618367 0.4592257 0.3921914 -4982143 -4960479 -5007332 
92 0.418651 0.4182232 0.4370726 0.3733127 -4966780 -4962138 -5001939 
93 0.4239387 0.4162604 0.4345623 0.3373057 -4969813 -4963237 -5003168 
94 0.4283379 0.4453924 0.4585833 0.3371811 -4969317 -4960318 -5002618 
95 0.4186471 0.4341899 0.442291 0.3370066 -4969738 -4961852 -5004955 
96 0.380592 0.3893051 0.3918816 0.3661367 -4973453 -4963230 -5009095 
97 0.3727544 0.4001813 0.3873366 0.3207231 -4990351 -4971293 -5014061 
98 0.3965547 0.4574633 0.418564 0.3449035 -4997109 -4974146 -5017118 
99 0.3375552 0.4043197 0.4019155 0.3375174 -4993531 -4967041 -5014889 
100 0.3420505 0.3804826 0.3778654 0.3375174 -4986023 -4969455 -5012403 
