1 0.4482954 0.5305088 0.4847553 0.3981132 -9493933 -9448997 -9545345 
2 0.4730311 0.5085945 0.5343755 0.3538718 -9442324 -9427731 -9500878 
3 0.4104445 0.495077 0.4756559 0.3618998 -9456055 -9438324 -9515270 
4 0.4391775 0.4542013 0.4821972 0.3870883 -9451890 -9440613 -9502589 
5 0.3598161 0.411621 0.3935902 0.3831261 -9489062 -9454163 -9536443 
6 0.4841672 0.5382332 0.5531043 0.3569474 -9436170 -9423182 -9495918 
7 0.4749869 0.5302092 0.4997693 0.3575926 -9472045 -9436581 -9534397 
8 0.4435702 0.5216623 0.5321561 0.3868487 -9461769 -9429121 -9517439 
9 0.343791 0.3888754 0.3925116 0.3806374 -9503211 -9468965 -9545169 
10 0.4633306 0.4981091 0.5000096 0.3576991 -9452807 -9432616 -9513005 
11 0.4017195 0.4648403 0.4998303 0.3538369 -9455858 -9432647 -9511209 
12 0.4866496 0.5250678 0.5240455 0.3599702 -9457353 -9433752 -9511816 
13 0.4790959 0.5373038 0.5286521 0.3576991 -9467004 -9438399 -9527748 
14 0.3905749 0.4129898 0.4173027 0.3616237 -9467802 -9459260 -9522694 
15 0.448585 0.5288234 0.4889431 0.3613364 -9510024 -9445317 -9554738 
16 0.49315 0.5109013 0.5337835 0.3540321 -9441731 -9428011 -9513436 
17 0.4411258 0.4606405 0.4636795 0.4103812 -9454438 -9451817 -9514550 
18 0.4761626 0.5452781 0.5679513 0.3540432 -9437825 -9428658 -9501050 
19 0.4455469 0.5042782 0.5087554 0.3538369 -9426826 -9412682 -9505637 
20 0.4598433 0.5254681 0.5081618 0.2751763 -9461590 -9441893 -9530192 
21 0.4660656 0.4825444 0.5033473 0.3604349 -9447142 -9425644 -9506355 
22 0.5502617 0.52622 0.5397257 0.3738598 -9446210 -9437335 -9513481 
23 0.4445894 0.4752881 0.480347 0.3590263 -9454492 -9431391 -9510312 
24 0.4280825 0.4269565 0.4532976 0.4104326 -9452777 -9445992 -9506757 
25 0.4052212 0.4230506 0.4353303 0.3806579 -9486190 -9459495 -9535313 
26 0.4573656 0.5083969 0.5326037 0.3576991 -9465536 -9437858 -9529147 
27 0.4814029 0.5194501 0.5038817 0.3557284 -9452417 -9442004 -9516245 
28 0.341885 0.4237797 0.4043818 0.3539349 -9472772 -9445149 -9530773 
29 0.5102134 0.5051723 0.5327479 0.3461284 -9436705 -9426692 -9502164 
30 0.3918951 0.4303374 0.4464307 0.3604134 -9461293 -9444519 -9515288 
31 0.4373706 0.4357541 0.4673994 0.3867839 -9440261 -9427613 -9506953 
32 0.3793458 0.4272006 0.4346719 0.3538259 -9455151 -9428005 -9521284 
33 0.4601078 0.5094649 0.4986647 0.3868513 -9449087 -9438139 -9506799 
34 0.4185689 0.4575046 0.456015 0.3807449 -9453924 -9438928 -9524934 
35 0.406869 0.4330436 0.4445375 0.398095 -9505746 -9451770 -9546693 
36 0.4694388 0.5057576 0.4546592 0.3810746 -9480342 -9451410 -9538782 
37 0.4228933 0.4266961 0.4625834 0.3843525 -9467642 -9456240 -9524558 
38 0.474215 0.4825018 0.5303732 0.3804762 -9453867 -9429682 -9497841 
39 0.4235613 0.4537039 0.4543257 0.3626198 -9461019 -9445455 -9521625 
40 0.4122365 0.4679491 0.455883 0.3831839 -9453115 -9440075 -9507001 
41 0.319221 0.3827331 0.3432966 0.3576991 -9542699 -9491539 -9570999 
42 0.347573 0.3930626 0.372357 0.3539231 -9477229 -9467688 -9547810 
43 0.4810053 0.4827359 0.5050482 0.3616434 -9450946 -9430334 -9523478 
44 0.3252287 0.3675804 0.3680211 0.3574064 -9467752 -9444740 -9531929 
45 0.3726228 0.3811733 0.4008296 0.3942072 -9462336 -9455377 -9520424 
46 0.4230008 0.4517396 0.46549 0.398095 -9445208 -9433625 -9493891 
47 0.4024621 0.4540701 0.4525525 0.3981132 -9459054 -9433544 -9520721 
48 0.4458673 0.4904916 0.4975689 0.3576991 -9449337 -9437986 -9515311 
49 0.4388542 0.4861433 0.4917954 0.3540227 -9462058 -9443562 -9535353 
50 0.4676086 0.5247824 0.5420978 0.3993608 -9451012 -9430406 -9507219 
51 0.4192408 0.4414699 0.4514442 0.3341742 -9446851 -9430905 -9518393 
52 0.3532151 0.4140543 0.4011141 0.3539424 -9523181 -9476817 -9555826 
53 0.4948738 0.5257648 0.5510816 0.3604392 -9442181 -9431545 -9503154 
54 0.4346208 0.4740704 0.4712338 0.3573794 -9466237 -9444462 -9524928 
55 0.4278208 0.4911832 0.4802671 0.3669063 -9471948 -9439668 -9525550 
56 0.4363759 0.516029 0.5280174 0.3575926 -9456631 -9430790 -9503129 
57 0.4178375 0.5418468 0.5099926 0.3576991 -9466000 -9446969 -9523469 
58 0.4455735 0.4362564 0.4638699 0.3576991 -9443770 -9434619 -9506690 
59 0.418638 0.4864091 0.499046 0.3620105 -9460554 -9431804 -9518324 
60 0.4580051 0.5420202 0.5222992 0.3540924 -9474619 -9431726 -9528324 
61 0.4322946 0.4534831 0.475168 0.383178 -9451782 -9446624 -9517496 
62 0.4447604 0.4721054 0.4788002 0.3604976 -9488319 -9452409 -9529649 
63 0.3998324 0.4860602 0.431536 0.3810746 -9519748 -9468579 -9560789 
64 0.4426439 0.4608899 0.4837813 0.3867687 -9449215 -9441349 -9501973 
65 0.4647612 0.4666559 0.4919836 0.3738598 -9427370 -9409430 -9500291 
66 0.3979973 0.4776237 0.4766218 0.3992493 -9455344 -9412310 -9517448 
67 0.4525863 0.4675505 0.4961419 0.3831977 -9448150 -9435275 -9511139 
68 0.417528 0.469179 0.4686463 0.3844735 -9456486 -9436817 -9524245 
69 0.5317575 0.5452947 0.5613772 0.3575764 -9444958 -9431042 -9495874 
70 0.4449478 0.4630183 0.455548 0.3868005 -9509299 -9475437 -9549688 
71 0.4878141 0.5058168 0.4922138 0.3614495 -9489875 -9449755 -9542623 
72 0.3914811 0.489873 0.4805156 0.3681174 -9452207 -9424119 -9515504 
73 0.3727635 0.3977999 0.4103607 0.3868104 -9460315 -9449882 -9524532 
74 0.5399374 0.5349752 0.5954278 0.3604984 -9424758 -9421336 -9486221 
75 0.4656809 0.4973179 0.4947309 0.3589613 -9479873 -9437976 -9534593 
76 0.4940171 0.5481656 0.5735399 0.3573917 -9445688 -9437427 -9509798 
77 0.4423268 0.4542541 0.464448 0.4275316 -9451432 -9447153 -9504994 
78 0.4734046 0.5209985 0.5204249 0.353881 -9452758 -9438322 -9520227 
79 0.3894921 0.4096305 0.4288136 0.3862671 -9499916 -9445336 -9528442 
80 0.5064299 0.4945303 0.5331355 0.3540321 -9434064 -9428442 -9487701 
81 0.4336232 0.4582659 0.4623876 0.3806729 -9469650 -9458431 -9531734 
82 0.366503 0.3781051 0.3744949 0.3748402 -9474530 -9463477 -9551762 
83 0.4169871 0.4585177 0.4810465 0.3591374 -9456994 -9433437 -9519682 
84 0.4712945 0.5436008 0.5423863 0.3806571 -9500181 -9441836 -9540917 
85 0.4544361 0.5582995 0.5126474 0.3539628 -9469124 -9430885 -9537901 
86 0.493106 0.5370708 0.5441334 0.3574311 -9467246 -9439295 -9516925 
87 0.4447188 0.4811158 0.4915103 0.3738598 -9450145 -9430218 -9512964 
88 0.3691122 0.4133396 0.396657 0.3573917 -9466311 -9450201 -9540220 
89 0.4700167 0.5077576 0.5180594 0.3160019 -9441339 -9436340 -9510831 
90 0.4213209 0.4487908 0.4427347 0.3575926 -9493661 -9447582 -9534753 
91 0.4712462 0.4499117 0.4956277 0.3611093 -9436579 -9426762 -9498490 
92 0.4460562 0.4748841 0.4927172 0.3538369 -9442190 -9439180 -9508308 
93 0.4477892 0.4863453 0.4971663 0.3572417 -9454308 -9443599 -9504090 
94 0.3319641 0.350222 0.3642991 0.3541211 -9462700 -9451538 -9524093 
95 0.4411682 0.5221785 0.5088 0.3339325 -9491078 -9430394 -9529042 
96 0.4265507 0.4550639 0.4562616 0.3981132 -9448916 -9434262 -9520507 
97 0.4210352 0.4220786 0.4465612 0.3165958 -9468325 -9443637 -9513825 
98 0.5326787 0.5332139 0.5687141 0.3808089 -9430665 -9422246 -9490887 
99 0.4230039 0.4517769 0.4459615 0.3576991 -9483502 -9459830 -9531924 
100 0.3923674 0.4653686 0.4449513 0.3576991 -9474649 -9449475 -9534284 
