1 0.4351574 0.4351574 0.4351574 0.4351574 0.4351574 NA NA NA NA 
2 0.4439084 0.4361389 0.4361389 0.4361389 0.4361389 NA NA NA NA 
3 0.444277 0.4366154 0.4366154 0.4366154 0.4366154 NA NA NA NA 
4 0.4428268 0.4352016 0.4352016 0.4352016 0.4352016 NA NA NA NA 
5 0.443523 0.4358325 0.4358325 0.4358325 0.4358325 NA NA NA NA 
6 0.4351295 0.4351295 0.4351295 0.4351295 0.4351295 NA NA NA NA 
7 0.4438479 0.436087 0.436087 0.436087 0.436087 NA NA NA NA 
8 0.4433938 0.4358372 0.4358372 0.4358372 0.4358372 NA NA NA NA 
9 0.7157613 0.7173956 0.7173956 0.7173956 0.7157613 NA NA NA NA 
10 0.4432345 0.4356795 0.4356795 0.4356795 0.4356795 NA NA NA NA 
11 0.4439356 0.4362369 0.4362369 0.4362369 0.4362369 NA NA NA NA 
12 0.4431955 0.4353431 0.4353431 0.4353431 0.4431955 NA NA NA NA 
13 0.4442445 0.436648 0.436648 0.436648 0.436648 NA NA NA NA 
14 0.4355082 0.4355082 0.4355082 0.4355082 0.4355082 NA NA NA NA 
15 0.4430065 0.4351577 0.4351577 0.4351577 0.4351577 NA NA NA NA 
16 0.4414141 0.4337353 0.4337353 0.4337353 0.4414141 NA NA NA NA 
17 0.7152741 0.7170165 0.7152741 0.7170165 0.7152741 NA NA NA NA 
18 0.4434085 0.4357562 0.4357562 0.4357562 0.4357562 NA NA NA NA 
19 0.4421016 0.4342759 0.4342759 0.4342759 0.4342759 NA NA NA NA 
20 0.4350916 0.4350916 0.4350916 0.4350916 0.4350916 NA NA NA NA 
21 0.4425595 0.4347254 0.4347254 0.4347254 0.4347254 NA NA NA NA 
22 0.4432701 0.435798 0.435798 0.435798 0.435798 NA NA NA NA 
23 0.4437508 0.436167 0.436167 0.436167 0.436167 NA NA NA NA 
24 0.4428393 0.4352198 0.4428393 0.4428393 0.4428393 NA NA NA NA 
25 0.4358389 0.4358389 0.4358389 0.4358389 0.4358389 NA NA NA NA 
26 0.4418473 0.4342425 0.4342425 0.4342425 0.4342425 NA NA NA NA 
27 0.4428175 0.4349986 0.4349986 0.4349986 0.4349986 NA NA NA NA 
28 0.444273 0.4366256 0.4366256 0.4366256 0.4366256 NA NA NA NA 
29 0.7160184 0.7178054 0.7160184 0.7160184 0.4355076 NA NA NA NA 
30 0.434862 0.7153766 0.434862 0.434862 0.434862 NA NA NA NA 
31 0.4362805 0.4362805 0.4362805 0.4362805 0.4362805 NA NA NA NA 
32 0.4357026 0.7168035 0.7151681 0.7151681 0.4357026 NA NA NA NA 
33 0.4365221 0.4365221 0.4365221 0.4365221 0.4365221 NA NA NA NA 
34 0.4430413 0.4354307 0.4354307 0.4354307 0.4354307 NA NA NA NA 
35 0.7164307 0.7182613 0.7182613 0.7182613 0.7164307 NA NA NA NA 
36 0.4427522 0.4350636 0.4350636 0.4350636 0.4350636 NA NA NA NA 
37 0.442972 0.4352553 0.4352553 0.4352553 0.4352553 NA NA NA NA 
38 0.4434197 0.4357493 0.4357493 0.4357493 0.4434197 NA NA NA NA 
39 0.4352662 0.4352662 0.4352662 0.4352662 0.4352662 NA NA NA NA 
40 0.4431964 0.4356303 0.4356303 0.4356303 0.4431964 NA NA NA NA 
41 0.4443478 0.4366658 0.4366658 0.4366658 0.4443478 NA NA NA NA 
42 0.4356029 0.7159405 0.4356029 0.4356029 0.4356029 NA NA NA NA 
43 0.4349883 0.4349883 0.4349883 0.4349883 0.4349883 NA NA NA NA 
44 0.4431774 0.4356133 0.4356133 0.4356133 0.4356133 NA NA NA NA 
45 0.7148066 0.7164603 0.7164603 0.7164603 0.7164603 NA NA NA NA 
46 0.4356534 0.4356534 0.4356534 0.4356534 0.4356534 NA NA NA NA 
47 0.4358531 0.7159002 0.4358531 0.4358531 0.4358531 NA NA NA NA 
48 0.7142384 0.7158876 0.7142384 0.7142384 0.7142384 NA NA NA NA 
49 0.4354473 0.7155302 0.4354473 0.4354473 0.4354473 NA NA NA NA 
50 0.4426248 0.4347749 0.4347749 0.4347749 0.4347749 NA NA NA NA 
51 0.4433408 0.4358582 0.4358582 0.4358582 0.4358582 NA NA NA NA 
52 0.4432871 0.4355304 0.4355304 0.4355304 0.4355304 NA NA NA NA 
53 0.4432244 0.4353587 0.4432244 0.4432244 0.4432244 NA NA NA NA 
54 0.7159492 0.7176548 0.7159492 0.7159492 0.7159492 NA NA NA NA 
55 0.4440539 0.4364573 0.4364573 0.4364573 0.4364573 NA NA NA NA 
56 0.7186885 0.8210719 0.7186885 0.7186885 0.7186885 NA NA NA NA 
57 0.436098 0.436098 0.436098 0.436098 0.436098 NA NA NA NA 
58 0.4421939 0.4343909 0.4343909 0.4343909 0.4421939 NA NA NA NA 
59 0.4354801 0.4354801 0.4354801 0.4354801 0.4354801 NA NA NA NA 
60 0.4423266 0.4345357 0.4345357 0.4345357 0.4345357 NA NA NA NA 
61 0.4351461 0.4351461 0.4351461 0.4351461 0.4351461 NA NA NA NA 
62 0.4346111 0.4346111 0.4346111 0.4346111 0.4346111 NA NA NA NA 
63 0.4416084 0.4337647 0.4416084 0.4416084 0.4416084 NA NA NA NA 
64 0.7162423 0.717999 0.7162423 0.717999 0.7162423 NA NA NA NA 
65 0.4438173 0.4361059 0.4361059 0.4361059 0.4438173 NA NA NA NA 
66 0.4426254 0.4350211 0.4426254 0.4426254 0.4426254 NA NA NA NA 
67 0.4431209 0.4355964 0.4355964 0.4355964 0.4355964 NA NA NA NA 
68 0.4445125 0.4369035 0.4369035 0.4369035 0.4369035 NA NA NA NA 
69 0.7146347 0.7162744 0.7162744 0.7162744 0.7146347 NA NA NA NA 
70 0.4361867 0.4361867 0.4361867 0.4361867 0.4361867 NA NA NA NA 
71 0.4429255 0.435204 0.435204 0.435204 0.435204 NA NA NA NA 
72 0.4438399 0.4360924 0.4360924 0.4360924 0.4360924 NA NA NA NA 
73 0.4354101 0.4354101 0.4354101 0.4354101 0.4354101 NA NA NA NA 
74 0.4349703 0.7149827 0.4349703 0.4349703 0.4349703 NA NA NA NA 
75 0.4363564 0.7161265 0.4363564 0.4363564 0.4363564 NA NA NA NA 
76 0.7155766 0.7172749 0.7155766 0.7155766 0.7155766 NA NA NA NA 
77 0.4345878 0.4345878 0.4345878 0.4345878 0.4345878 NA NA NA NA 
78 0.435987 0.435987 0.435987 0.435987 0.435987 NA NA NA NA 
79 0.7162089 0.7180366 0.7162089 0.7162089 0.7162089 NA NA NA NA 
80 0.71833 0.71833 0.71833 0.71833 0.71833 NA NA NA NA 
81 0.4426791 0.4350023 0.4350023 0.4350023 0.4426791 NA NA NA NA 
82 0.4433528 0.4354942 0.4354942 0.4354942 0.4433528 NA NA NA NA 
83 0.4368922 0.4368922 0.4368922 0.4368922 0.4368922 NA NA NA NA 
84 0.4433531 0.4356925 0.4356925 0.4356925 0.4356925 NA NA NA NA 
85 0.4344416 0.7153253 0.7153253 0.4344416 0.4344416 NA NA NA NA 
86 0.4432357 0.4354883 0.4354883 0.4354883 0.4432357 NA NA NA NA 
87 0.7163377 0.7181243 0.7163377 0.7163377 0.7163377 NA NA NA NA 
88 0.4434165 0.4358401 0.4358401 0.4358401 0.4358401 NA NA NA NA 
89 0.4447088 0.4372771 0.4447088 0.4447088 0.4447088 NA NA NA NA 
90 0.435753 0.435753 0.435753 0.435753 0.435753 NA NA NA NA 
91 0.4353651 0.4353651 0.4353651 0.4353651 0.4353651 NA NA NA NA 
92 0.4443261 0.4366702 0.4366702 0.4366702 0.4366702 NA NA NA NA 
93 0.4370026 0.7181284 0.4370026 0.4370026 0.4370026 NA NA NA NA 
94 0.4358559 0.717111 0.4358559 0.717111 0.4358559 NA NA NA NA 
95 0.4427492 0.4350341 0.4350341 0.4350341 0.4350341 NA NA NA NA 
96 0.4439768 0.4363011 0.4363011 0.4363011 0.4363011 NA NA NA NA 
97 0.7168994 0.718621 0.7168994 0.7168994 0.7168994 NA NA NA NA 
98 0.4356702 0.7156551 0.4356702 0.7156551 0.4356702 NA NA NA NA 
99 0.4433903 0.4357098 0.4357098 0.4357098 0.4357098 NA NA NA NA 
100 0.4425537 0.4349034 0.4349034 0.4349034 0.4349034 NA NA NA NA 
