1 3.610923 2.996957 3.241913 2.983416 3.592177 NA NA NA NA 
2 4.257581 2.865832 3.355698 2.94784 4.044063 NA NA NA NA 
3 3.867191 2.939292 3.262603 2.901271 3.68177 NA NA NA NA 
4 3.809666 2.953573 3.236618 2.911024 3.62765 NA NA NA NA 
5 3.919123 2.945755 3.258 2.937506 3.726566 NA NA NA NA 
6 3.759504 2.948116 3.260445 2.91928 3.603028 NA NA NA NA 
7 4.018556 2.889369 3.318489 2.96766 3.863967 NA NA NA NA 
8 4.032104 2.814123 3.312776 2.949518 3.983262 NA NA NA NA 
9 3.752651 4.666866 4.068379 3.843989 4.016845 NA NA NA NA 
10 4.004637 2.871044 3.326524 2.970769 3.896565 NA NA NA NA 
11 3.935392 2.945153 3.279132 2.934931 3.747232 NA NA NA NA 
12 4.091654 2.916088 3.485952 3.139494 4.104866 NA NA NA NA 
13 4.007282 2.927411 3.327321 2.935539 3.824467 NA NA NA NA 
14 3.68286 3.010862 3.273363 3.01565 3.5879 NA NA NA NA 
15 3.966073 2.890801 3.293211 2.978099 3.804758 NA NA NA NA 
16 4.09485 2.9633 3.583535 3.355428 4.296561 NA NA NA NA 
17 3.659892 4.051383 3.780982 3.501668 3.884912 NA NA NA NA 
18 3.998019 2.919928 3.352747 3.028689 3.954305 NA NA NA NA 
19 3.853244 2.808768 3.191982 2.853185 3.690353 NA NA NA NA 
20 3.529369 3.071217 3.252243 2.994901 3.542075 NA NA NA NA 
21 4.058591 2.844131 3.372051 3.049282 4.007655 NA NA NA NA 
22 4.008716 2.901131 3.326546 2.980419 3.829961 NA NA NA NA 
23 3.816502 2.922982 3.210841 2.951259 3.624121 NA NA NA NA 
24 4.125545 3.057302 3.794305 3.634279 4.499969 NA NA NA NA 
25 3.602562 2.96782 3.196081 2.90604 3.540334 NA NA NA NA 
26 3.972371 2.799011 3.285686 3.000651 3.931926 NA NA NA NA 
27 3.943216 2.878996 3.330133 2.99689 3.845756 NA NA NA NA 
28 3.856891 2.925386 3.228466 2.913963 3.677233 NA NA NA NA 
29 3.52201 3.320513 3.401754 3.156411 3.678188 NA NA NA NA 
30 3.532419 3.248076 3.367422 3.108775 3.647336 NA NA NA NA 
31 3.551747 3.021381 3.209743 2.949924 3.498177 NA NA NA NA 
32 3.474817 3.407434 3.389091 3.13661 3.603678 NA NA NA NA 
33 3.801916 2.992803 3.263461 2.951442 3.679795 NA NA NA NA 
34 4.02169 2.952629 3.412311 3.031718 3.998081 NA NA NA NA 
35 3.598454 4.137425 3.782186 3.606998 3.858086 NA NA NA NA 
36 3.99834 2.901154 3.309128 3.020492 3.845105 NA NA NA NA 
37 4.058724 2.906056 3.308599 2.909967 3.861914 NA NA NA NA 
38 3.934914 2.875597 3.389644 3.078333 3.94987 NA NA NA NA 
39 3.667714 2.942556 3.200646 2.916186 3.555564 NA NA NA NA 
40 3.936467 2.92141 3.476238 3.257217 4.091232 NA NA NA NA 
41 4.16313 3.104272 3.807565 3.71598 4.509655 NA NA NA NA 
42 3.493694 3.205988 3.295611 3.070069 3.586252 NA NA NA NA 
43 3.689526 2.977691 3.222646 2.983318 3.583925 NA NA NA NA 
44 4.165528 2.979047 3.415191 3.01938 4.057853 NA NA NA NA 
45 4.267979 4.024948 4.606918 4.494377 4.420814 NA NA NA NA 
46 3.630475 3.123608 3.285832 2.978084 3.602034 NA NA NA NA 
47 3.523613 3.246241 3.357416 3.087909 3.623781 NA NA NA NA 
48 3.584633 3.638722 3.570139 3.358488 3.794692 NA NA NA NA 
49 3.46047 3.27452 3.322788 3.063977 3.550855 NA NA NA NA 
50 4.073458 2.882829 3.375017 3.065064 4.031993 NA NA NA NA 
51 3.907984 2.886687 3.274871 2.929934 3.759228 NA NA NA NA 
52 3.817474 2.877375 3.20708 2.929075 3.689293 NA NA NA NA 
53 4.257716 3.437932 4.194728 4.003283 4.738633 NA NA NA NA 
54 3.429786 3.455391 3.386447 3.139432 3.593694 NA NA NA NA 
55 3.849003 2.919274 3.257677 2.934869 3.64626 NA NA NA NA 
56 4.515382 3.754041 4.773783 4.650875 4.516484 NA NA NA NA 
57 3.655747 3.072116 3.300304 2.945539 3.635549 NA NA NA NA 
58 4.025036 2.964764 3.568684 3.348114 4.259434 NA NA NA NA 
59 3.759285 2.941745 3.236819 2.940983 3.627345 NA NA NA NA 
60 3.943707 2.829095 3.258436 2.937194 3.811577 NA NA NA NA 
61 3.609626 2.991054 3.175739 2.893174 3.521467 NA NA NA NA 
62 3.615802 3.024458 3.243611 2.991142 3.566385 NA NA NA NA 
63 4.047407 3.21358 3.861279 3.740682 4.41762 NA NA NA NA 
64 3.563428 3.790547 3.623524 3.423151 3.796105 NA NA NA NA 
65 4.01954 2.887455 3.390902 3.144981 4.039936 NA NA NA NA 
66 4.020147 3.378124 4.003759 3.601562 4.483386 NA NA NA NA 
67 3.972069 2.926037 3.286494 3.001303 3.809355 NA NA NA NA 
68 3.847303 2.808281 3.226531 2.901372 3.723561 NA NA NA NA 
69 3.845397 4.289655 3.957846 3.701466 4.041415 NA NA NA NA 
70 3.791501 2.971646 3.253374 2.911624 3.67185 NA NA NA NA 
71 3.969012 2.891338 3.30821 2.989327 3.823574 NA NA NA NA 
72 3.888973 2.944825 3.256046 2.903228 3.700585 NA NA NA NA 
73 3.681223 3.022541 3.219457 2.963314 3.555827 NA NA NA NA 
74 3.45632 3.234072 3.309109 3.053755 3.545873 NA NA NA NA 
75 3.567742 3.155686 3.313539 3.012472 3.61371 NA NA NA NA 
76 3.56729 3.66252 3.571999 3.330831 3.766874 NA NA NA NA 
77 3.63272 3.088439 3.27869 3.027708 3.582834 NA NA NA NA 
78 3.820339 2.986321 3.272598 2.941704 3.672922 NA NA NA NA 
79 3.593036 3.735733 3.636159 3.350173 3.818979 NA NA NA NA 
80 4.245523 3.976704 4.568741 4.505609 4.366795 NA NA NA NA 
81 3.9642 2.890561 3.383356 3.112121 3.96704 NA NA NA NA 
82 3.996306 2.971193 3.606936 3.409993 4.263504 NA NA NA NA 
83 3.553681 2.986052 3.161648 2.911321 3.484107 NA NA NA NA 
84 3.895832 2.901452 3.225401 2.875251 3.710129 NA NA NA NA 
85 3.383967 3.263014 3.298969 3.032958 3.509056 NA NA NA NA 
86 4.04138 2.901926 3.430862 3.171552 4.132795 NA NA NA NA 
87 3.566322 3.571737 3.537718 3.296578 3.741452 NA NA NA NA 
88 3.953745 2.858513 3.315114 2.993673 3.920004 NA NA NA NA 
89 4.019117 3.522317 4.047082 3.884372 4.47546 NA NA NA NA 
90 3.633522 3.112091 3.252647 2.943602 3.572475 NA NA NA NA 
91 3.594303 3.048386 3.203826 2.949356 3.539272 NA NA NA NA 
92 3.920838 2.847384 3.233933 2.927851 3.759677 NA NA NA NA 
93 3.639039 3.110877 3.28637 3.026073 3.633915 NA NA NA NA 
94 3.462952 3.26289 3.323006 3.073567 3.583124 NA NA NA NA 
95 4.017748 2.884785 3.326038 2.978247 3.883801 NA NA NA NA 
96 4.623971 2.887374 3.412988 2.865782 4.064068 NA NA NA NA 
97 3.56675 3.516907 3.523464 3.209302 3.740432 NA NA NA NA 
98 3.443536 3.243074 3.310781 3.061492 3.546659 NA NA NA NA 
99 3.982808 2.87092 3.288079 2.983073 3.883101 NA NA NA NA 
100 3.994842 2.924297 3.337828 2.963356 3.826271 NA NA NA NA 
