1 3.472 6.692 5.091 NA NA 
2 3.519 6.677 5.08 NA NA 
3 3.508 6.69 5.084 NA NA 
4 3.481 6.771 5.071 NA NA 
5 3.48 6.837 5.085 NA NA 
6 3.463 6.591 5.099 NA NA 
7 3.436 6.592 5.087 NA NA 
8 3.48 6.75 5.118 NA NA 
9 3.421 6.537 5.857 NA NA 
10 3.532 6.889 5.08 NA NA 
11 3.459 6.65 5.739 NA NA 
12 3.45 6.705 5.098 NA NA 
13 3.46 6.669 5.137 NA NA 
14 3.429 6.634 5.116 NA NA 
15 3.46 6.709 5.127 NA NA 
16 3.46 6.632 5.128 NA NA 
17 3.498 6.749 5.097 NA NA 
18 3.425 6.813 5.108 NA NA 
19 3.467 6.674 5.101 NA NA 
20 3.425 6.63 5.12 NA NA 
21 3.493 6.727 5.105 NA NA 
22 3.443 6.474 5.813 NA NA 
23 3.456 6.712 5.085 NA NA 
24 3.464 6.667 5.749 NA NA 
25 3.462 6.709 5.086 NA NA 
26 3.479 6.669 5.092 NA NA 
27 3.437 6.581 5.079 NA NA 
28 3.466 6.619 5.108 NA NA 
29 3.439 6.591 5.076 NA NA 
30 3.463 6.75 5.094 NA NA 
31 3.448 6.757 5.08 NA NA 
32 3.48 6.613 5.085 NA NA 
33 3.43 6.602 5.084 NA NA 
34 3.467 6.726 5.093 NA NA 
35 3.429 6.525 5.822 NA NA 
36 3.465 6.717 5.067 NA NA 
37 3.46 6.689 5.723 NA NA 
38 3.475 6.714 5.096 NA NA 
39 3.491 6.619 5.093 NA NA 
40 3.435 6.634 5.094 NA NA 
41 3.462 6.759 5.094 NA NA 
42 3.423 6.536 5.786 NA NA 
43 3.457 6.722 5.099 NA NA 
44 3.472 6.714 5.763 NA NA 
45 3.467 6.678 5.072 NA NA 
46 3.472 6.584 5.086 NA NA 
47 3.442 6.727 5.04 NA NA 
48 3.47 6.598 5.071 NA NA 
49 3.446 6.586 5.075 NA NA 
50 3.494 6.773 5.123 NA NA 
51 3.457 6.547 5.838 NA NA 
52 3.501 6.79 5.112 NA NA 
53 3.457 6.64 5.771 NA NA 
54 3.461 6.645 5.037 NA NA 
55 3.471 6.662 5.109 NA NA 
56 3.446 6.593 5.1 NA NA 
57 3.461 6.614 5.075 NA NA 
58 3.45 6.599 5.085 NA NA 
59 3.544 6.824 5.094 NA NA 
60 3.426 6.747 5.077 NA NA 
61 3.457 6.654 5.085 NA NA 
62 3.434 6.614 5.061 NA NA 
63 3.47 6.706 5.1 NA NA 
64 3.44 6.57 5.786 NA NA 
65 3.454 6.683 5.063 NA NA 
66 3.476 6.665 5.728 NA NA 
67 3.46 6.686 5.082 NA NA 
68 3.461 6.655 5.092 NA NA 
69 3.464 6.604 5.076 NA NA 
70 3.46 6.785 5.108 NA NA 
71 3.455 6.564 5.791 NA NA 
72 3.458 6.699 5.089 NA NA 
73 3.461 6.677 5.754 NA NA 
74 3.461 6.648 5.076 NA NA 
75 3.466 6.591 5.083 NA NA 
76 3.447 6.712 5.071 NA NA 
77 3.464 6.555 5.075 NA NA 
78 3.432 6.595 5.093 NA NA 
79 3.486 6.718 5.07 NA NA 
80 3.435 6.502 5.809 NA NA 
81 3.454 6.755 5.121 NA NA 
82 3.459 6.655 5.77 NA NA 
83 3.463 6.689 5.064 NA NA 
84 3.468 6.657 5.137 NA NA 
85 3.476 6.608 5.107 NA NA 
86 3.502 6.634 5.122 NA NA 
87 3.466 6.622 5.109 NA NA 
88 3.484 6.769 5.111 NA NA 
89 3.468 6.793 5.101 NA NA 
90 3.511 6.655 5.094 NA NA 
91 3.446 6.609 5.131 NA NA 
92 3.45 6.704 5.105 NA NA 
93 3.419 6.556 5.836 NA NA 
94 3.462 6.7 5.072 NA NA 
95 3.459 6.661 5.755 NA NA 
96 3.456 6.703 5.114 NA NA 
97 3.467 6.674 5.117 NA NA 
98 3.441 6.675 5.116 NA NA 
99 3.518 6.782 5.101 NA NA 
100 3.433 6.569 5.825 NA NA 
