1 -2006956 -2002743 -2003611 -2003341 -2004573 NA NA NA NA 
2 -2016215 -2007381 -2009027 -2007986 -2011688 NA NA NA NA 
3 -2012404 -2005606 -2006618 -2006158 -2008001 NA NA NA NA 
4 -2012313 -2006057 -2007004 -2006593 -2008286 NA NA NA NA 
5 -2013425 -2005402 -2006642 -2005903 -2008458 NA NA NA NA 
6 -2011423 -2005853 -2006828 -2006359 -2007871 NA NA NA NA 
7 -2014926 -2006439 -2007803 -2006986 -2010027 NA NA NA NA 
8 -2015308 -2006152 -2007986 -2006849 -2011029 NA NA NA NA 
9 -2004443 -2001736 -2003231 -2003079 -2004446 NA NA NA NA 
10 -2017129 -2008594 -2010095 -2009120 -2012384 NA NA NA NA 
11 -2011764 -2004438 -2005555 -2004914 -2007167 NA NA NA NA 
12 -2014915 -2005824 -2008205 -2006722 -2011365 NA NA NA NA 
13 -2016409 -2008347 -2009577 -2008854 -2011383 NA NA NA NA 
14 -2009226 -2004599 -2005449 -2005079 -2006364 NA NA NA NA 
15 -2016293 -2007927 -2009269 -2008461 -2011334 NA NA NA NA 
16 -2013924 -2004980 -2008323 -2006991 -2011988 NA NA NA NA 
17 -2004995 -2001994 -2003394 -2003220 -2004577 NA NA NA NA 
18 -2015553 -2006676 -2008462 -2007310 -2011233 NA NA NA NA 
19 -2014301 -2006197 -2007431 -2006720 -2009344 NA NA NA NA 
20 -2009351 -2005625 -2006486 -2006184 -2007307 NA NA NA NA 
21 -2015179 -2006198 -2008132 -2006883 -2010999 NA NA NA NA 
22 -2014531 -2006949 -2008189 -2007417 -2009966 NA NA NA NA 
23 -2014849 -2007951 -2008961 -2008454 -2010298 NA NA NA NA 
24 -2017491 -2008915 -2014098 -2013886 -2017116 NA NA NA NA 
25 -2010918 -2006100 -2007027 -2006738 -2008128 NA NA NA NA 
26 -2012871 -2003477 -2005559 -2004263 -2008753 NA NA NA NA 
27 -2015965 -2007052 -2008830 -2007665 -2011466 NA NA NA NA 
28 -2014607 -2007782 -2008824 -2008306 -2010246 NA NA NA NA 
29 -2007786 -2004800 -2005845 -2005616 -2006800 NA NA NA NA 
30 -2006640 -2003584 -2004523 -2004261 -2005383 NA NA NA NA 
31 -2010759 -2006596 -2007515 -2007251 -2008411 NA NA NA NA 
32 -2006699 -2003339 -2004406 -2004312 -2005439 NA NA NA NA 
33 -2010055 -2004598 -2005506 -2005118 -2006659 NA NA NA NA 
34 -2016066 -2007081 -2009108 -2007798 -2012045 NA NA NA NA 
35 -2004972 -2002156 -2003510 -2003281 -2004512 NA NA NA NA 
36 -2011792 -2003887 -2005100 -2004345 -2006910 NA NA NA NA 
37 -2015833 -2007653 -2008972 -2008163 -2010871 NA NA NA NA 
38 -2016297 -2007327 -2009634 -2008249 -2012827 NA NA NA NA 
39 -2007132 -2001998 -2002898 -2002575 -2003960 NA NA NA NA 
40 -2014269 -2005443 -2008528 -2007175 -2012064 NA NA NA NA 
41 -2014238 -2005517 -2010141 -2009564 -2013442 NA NA NA NA 
42 -2006344 -2003108 -2004047 -2003768 -2004837 NA NA NA NA 
43 -2011968 -2006717 -2007597 -2007256 -2008649 NA NA NA NA 
44 -2016708 -2008154 -2009750 -2008733 -2012398 NA NA NA NA 
45 -2003637 -2001320 -2002931 -2002587 -2004039 NA NA NA NA 
46 -2010146 -2005958 -2006872 -2006629 -2007825 NA NA NA NA 
47 -2009468 -2006202 -2007187 -2006952 -2008073 NA NA NA NA 
48 -2004591 -2002026 -2003154 -2002831 -2004050 NA NA NA NA 
49 -2007482 -2004118 -2005087 -2004940 -2006016 NA NA NA NA 
50 -2014810 -2005768 -2007681 -2006492 -2010675 NA NA NA NA 
51 -2013272 -2006021 -2007100 -2006556 -2008796 NA NA NA NA 
52 -2010538 -2004210 -2005179 -2004797 -2006578 NA NA NA NA 
53 -2014357 -2007862 -2013059 -2013408 -2014444 NA NA NA NA 
54 -2004413 -2001316 -2002411 -2002133 -2003252 NA NA NA NA 
55 -2014082 -2007778 -2008760 -2008264 -2009947 NA NA NA NA 
56 -2001201 -1999085 -2000707 -2000398 -2001925 NA NA NA NA 
57 -2006561 -2002440 -2003322 -2003104 -2004325 NA NA NA NA 
58 -2014032 -2005046 -2008644 -2007293 -2012245 NA NA NA NA 
59 -2011519 -2006102 -2007069 -2006568 -2008178 NA NA NA NA 
60 -2013800 -2005105 -2006565 -2005658 -2008915 NA NA NA NA 
61 -2011068 -2006043 -2006974 -2006784 -2008142 NA NA NA NA 
62 -2009014 -2004738 -2005646 -2005319 -2006559 NA NA NA NA 
63 -2016402 -2007996 -2013530 -2013509 -2016065 NA NA NA NA 
64 -2006983 -2003987 -2005296 -2005067 -2006360 NA NA NA NA 
65 -2015937 -2007102 -2009159 -2007890 -2012208 NA NA NA NA 
66 -2014933 -2009605 -2014126 -2014377 -2015147 NA NA NA NA 
67 -2012977 -2005554 -2006667 -2006080 -2008402 NA NA NA NA 
68 -2014691 -2006151 -2007651 -2006685 -2009814 NA NA NA NA 
69 -2003084 -2000588 -2001998 -2001650 -2003035 NA NA NA NA 
70 -2012973 -2007428 -2008429 -2007961 -2009607 NA NA NA NA 
71 -2014661 -2005736 -2007409 -2006275 -2009759 NA NA NA NA 
72 -2010186 -2003583 -2004580 -2004158 -2005967 NA NA NA NA 
73 -2010506 -2005386 -2006314 -2005927 -2007267 NA NA NA NA 
74 -2006690 -2003440 -2004377 -2004190 -2005237 NA NA NA NA 
75 -2007251 -2003672 -2004619 -2004212 -2005392 NA NA NA NA 
76 -2002616 -2000095 -2001238 -2000934 -2002132 NA NA NA NA 
77 -2006034 -2001990 -2002828 -2002579 -2003704 NA NA NA NA 
78 -2012007 -2006234 -2007180 -2006811 -2008360 NA NA NA NA 
79 -2005551 -2002778 -2003936 -2003776 -2004959 NA NA NA NA 
80 -2002883 -2000660 -2002290 -2001902 -2003361 NA NA NA NA 
81 -2014944 -2005864 -2008060 -2006792 -2011289 NA NA NA NA 
82 -2014828 -2005860 -2009947 -2008672 -2013395 NA NA NA NA 
83 -2010688 -2006123 -2007032 -2006770 -2008007 NA NA NA NA 
84 -2010572 -2004192 -2005244 -2004706 -2006621 NA NA NA NA 
85 -2006609 -2003482 -2004401 -2004242 -2005270 NA NA NA NA 
86 -2014370 -2005317 -2007670 -2006387 -2011117 NA NA NA NA 
87 -2006388 -2003490 -2004644 -2004422 -2005613 NA NA NA NA 
88 -2016333 -2007324 -2009207 -2007998 -2012069 NA NA NA NA 
89 -2018260 -2013570 -2017605 -2017888 -2018403 NA NA NA NA 
90 -2008473 -2003995 -2004877 -2004626 -2005853 NA NA NA NA 
91 -2010720 -2006204 -2007091 -2006885 -2008163 NA NA NA NA 
92 -2016117 -2007938 -2009186 -2008493 -2011225 NA NA NA NA 
93 -2009824 -2005622 -2006637 -2006333 -2007672 NA NA NA NA 
94 -2005243 -2002258 -2003218 -2002867 -2003954 NA NA NA NA 
95 -2013047 -2004655 -2006122 -2005186 -2008375 NA NA NA NA 
96 -2013723 -2005762 -2007098 -2006307 -2009193 NA NA NA NA 
97 -2005328 -2002265 -2003422 -2003239 -2004475 NA NA NA NA 
98 -2006703 -2003652 -2004632 -2004272 -2005367 NA NA NA NA 
99 -2016769 -2007884 -2009416 -2008477 -2011925 NA NA NA NA 
100 -2015696 -2007303 -2008711 -2007779 -2010724 NA NA NA NA 
