1 0.9979364 0.7463566 2.107255 1.739264 3.478732 NA NA NA NA 
2 4.225135 2.918176 3.518899 3.166868 4.285221 NA NA NA NA 
3 3.847266 2.975448 3.27546 2.924356 3.712843 NA NA NA NA 
4 4.299887 2.867471 3.408801 2.984467 4.094292 NA NA NA NA 
5 4.162072 2.966715 3.698143 3.479606 4.464615 NA NA NA NA 
6 3.690856 3.478255 3.52341 3.22985 3.807114 NA NA NA NA 
7 4.042397 2.908286 3.357452 2.995973 3.935377 NA NA NA NA 
8 3.69627 3.182478 3.364173 3.061867 3.726476 NA NA NA NA 
9 4.198737 2.921271 3.432115 3.039123 4.083417 NA NA NA NA 
10 3.744323 3.07678 3.30709 2.985333 3.68897 NA NA NA NA 
11 4.354026 2.882553 3.40687 2.951719 4.080304 NA NA NA NA 
12 4.09398 2.954928 3.632187 3.402079 4.351578 NA NA NA NA 
13 3.795167 3.900426 3.740129 3.466625 3.950781 NA NA NA NA 
14 3.848696 2.957887 3.257881 2.912374 3.704443 NA NA NA NA 
15 3.653324 3.961679 3.734224 3.508178 3.883458 NA NA NA NA 
16 3.73333 3.618971 3.586187 3.301564 3.850612 NA NA NA NA 
17 3.667416 3.053198 3.261148 2.968348 3.612273 NA NA NA NA 
18 4.157506 3.631786 4.158949 3.845434 4.604059 NA NA NA NA 
19 3.536792 3.31151 3.388844 3.122607 3.650757 NA NA NA NA 
20 3.842295 2.944067 3.251722 2.928405 3.67925 NA NA NA NA 
21 4.299983 3.53475 3.622991 3.234997 4.021939 NA NA NA NA 
22 3.907191 4.674873 4.132531 3.93558 4.123154 NA NA NA NA 
23 4.138485 2.909988 3.432904 3.060345 4.086675 NA NA NA NA 
24 3.804051 2.948852 3.238697 2.913873 3.671197 NA NA NA NA 
25 4.098105 2.894049 3.375501 3.013572 3.999344 NA NA NA NA 
26 4.132993 3.121993 3.877148 3.708023 4.530602 NA NA NA NA 
27 4.030449 2.890526 3.315709 2.913498 3.859499 NA NA NA NA 
28 4.130617 2.890842 3.364489 2.980151 3.982339 NA NA NA NA 
29 3.934498 2.941677 3.277065 2.923864 3.767323 NA NA NA NA 
30 3.65207 3.483973 3.510989 3.233005 3.787735 NA NA NA NA 
31 4.371505 2.891734 3.451086 3.019565 4.154739 NA NA NA NA 
32 3.68983 3.266808 3.403611 3.103825 3.741308 NA NA NA NA 
33 4.134617 2.913825 3.57067 3.297257 4.341438 NA NA NA NA 
34 3.810136 2.963631 3.252071 2.929442 3.69073 NA NA NA NA 
35 3.684415 3.851277 3.693298 3.444979 3.883563 NA NA NA NA 
36 3.718075 3.633157 3.596779 3.313265 3.855996 NA NA NA NA 
37 4.355347 4.563999 4.406875 4.185291 4.360093 NA NA NA NA 
38 4.166565 2.893479 3.357025 2.962457 3.960265 NA NA NA NA 
39 4.26897 3.00118 3.788711 3.543519 4.564263 NA NA NA NA 
40 3.624758 3.412759 3.473369 3.168294 3.753081 NA NA NA NA 
41 3.558965 3.6168 3.545036 3.311598 3.754001 NA NA NA NA 
42 4.080522 2.889257 3.340599 2.968444 3.931494 NA NA NA NA 
43 3.744654 3.016893 3.267233 2.949969 3.660667 NA NA NA NA 
44 4.194727 2.898079 3.438388 3.03241 4.112101 NA NA NA NA 
45 3.814807 3.717897 3.655854 3.381472 3.921127 NA NA NA NA 
46 4.18156 2.887758 3.384991 2.985433 4.00559 NA NA NA NA 
47 4.261566 2.931996 3.382156 2.970127 3.988852 NA NA NA NA 
48 3.732427 3.054486 3.294924 2.970049 3.683328 NA NA NA NA 
49 4.169939 4.737159 4.336203 4.140283 4.287462 NA NA NA NA 
50 3.840588 2.965718 3.269038 2.933499 3.693688 NA NA NA NA 
51 4.064523 2.873562 3.35063 2.987975 3.961555 NA NA NA NA 
52 4.148519 3.743353 4.190696 3.854388 4.604988 NA NA NA NA 
53 3.560066 3.312958 3.390752 3.121803 3.675679 NA NA NA NA 
54 3.821734 2.999628 3.26722 2.942267 3.677261 NA NA NA NA 
55 4.806042 3.589095 4.27222 3.827687 4.865012 NA NA NA NA 
56 4.236 4.59175 4.398029 4.207436 4.334807 NA NA NA NA 
57 3.951083 4.130615 3.894603 3.626786 4.069069 NA NA NA NA 
58 3.787487 2.971126 3.259611 2.928473 3.688328 NA NA NA NA 
59 4.734325 3.835768 4.74588 4.534324 4.584216 NA NA NA NA 
60 3.928863 3.183399 3.395812 3.056073 3.823076 NA NA NA NA 
61 4.084695 2.887915 3.404195 3.058482 4.047139 NA NA NA NA 
62 3.912414 2.996245 3.306099 2.94111 3.760961 NA NA NA NA 
63 4.204803 2.871109 3.426608 3.041394 4.10825 NA NA NA NA 
64 3.618092 3.369984 3.438414 3.144353 3.728333 NA NA NA NA 
65 3.961838 2.90441 3.281214 2.947107 3.781069 NA NA NA NA 
66 3.890573 2.916818 3.250422 2.903798 3.71244 NA NA NA NA 
67 3.087122 1.814196 3.717776 3.190699 5.272531 NA NA NA NA 
68 3.776961 3.041613 3.28983 2.966835 3.690287 NA NA NA NA 
69 4.031637 3.058679 3.347939 2.960639 3.846869 NA NA NA NA 
70 4.141244 3.80095 4.207602 3.853928 4.596169 NA NA NA NA 
71 3.554101 3.3505 3.407751 3.155292 3.679866 NA NA NA NA 
72 3.584866 3.596073 3.543517 3.28703 3.767893 NA NA NA NA 
73 3.84335 2.965687 3.274808 2.956776 3.713081 NA NA NA NA 
74 3.983214 3.019201 3.333094 2.97384 3.803291 NA NA NA NA 
75 3.587584 3.249485 3.34742 3.072803 3.658566 NA NA NA NA 
76 4.10541 2.906407 3.564979 3.28805 4.310456 NA NA NA NA 
77 4.124341 2.93675 3.334451 2.943443 3.878258 NA NA NA NA 
78 4.106875 2.928033 3.317105 2.911191 3.841829 NA NA NA NA 
79 3.93905 4.078334 3.842845 3.591036 4.051569 NA NA NA NA 
80 3.882806 2.960609 3.274988 2.934194 3.731465 NA NA NA NA 
81 3.585979 3.24204 3.353864 3.060703 3.662443 NA NA NA NA 
82 3.923242 2.924796 3.286586 2.93908 3.763693 NA NA NA NA 
83 4.123773 2.900334 3.397785 3.027296 4.041723 NA NA NA NA 
84 2.132909 1.29232 3.018409 2.638357 4.637726 NA NA NA NA 
85 4.100252 2.921481 3.311731 2.930248 3.858463 NA NA NA NA 
86 4.203987 2.968913 3.335648 2.936245 3.877367 NA NA NA NA 
87 3.953305 2.905698 3.258909 2.898233 3.751553 NA NA NA NA 
88 4.190406 4.37988 4.035342 3.73011 4.18408 NA NA NA NA 
89 3.634954 3.459604 3.493685 3.199169 3.771881 NA NA NA NA 
90 3.912397 3.486991 3.566406 3.236456 3.913855 NA NA NA NA 
91 3.841398 2.940529 3.243843 2.924135 3.679198 NA NA NA NA 
92 3.848637 3.002657 3.294755 2.952647 3.728523 NA NA NA NA 
93 4.114985 4.055105 3.865036 3.570787 4.112704 NA NA NA NA 
94 3.891315 3.173895 3.388443 3.023723 3.805584 NA NA NA NA 
95 4.133619 4.655256 4.170553 3.922861 4.226898 NA NA NA NA 
96 4.049 2.898051 3.303659 2.924778 3.846569 NA NA NA NA 
97 4.11836 2.908674 3.313799 2.928579 3.864345 NA NA NA NA 
98 4.00338 2.910639 3.300279 2.947145 3.835679 NA NA NA NA 
99 4.527982 2.954182 3.707939 3.359713 4.571542 NA NA NA NA 
100 4.336525 2.949207 3.365283 2.940703 3.933567 NA NA NA NA 
