1 34.805 87.041 62.171 NA NA 
2 34.809 85.246 62.688 NA NA 
3 34.793 85.806 62.841 NA NA 
4 34.807 85.916 62.093 NA NA 
5 34.68 87.441 63.519 NA NA 
6 34.754 84.93 62.178 NA NA 
7 34.718 85.24 61.801 NA NA 
8 34.827 87.969 61.892 NA NA 
9 34.791 85.266 61.344 NA NA 
10 34.801 85.492 61.924 NA NA 
11 34.825 86.695 62.408 NA NA 
12 34.942 85.603 62.034 NA NA 
13 34.794 85.382 61.719 NA NA 
14 34.925 88.305 61.942 NA NA 
15 34.791 85.516 61.594 NA NA 
16 34.819 85.107 61.133 NA NA 
17 34.924 85.448 62.245 NA NA 
18 34.748 85.325 61.812 NA NA 
19 34.785 85.173 62.224 NA NA 
20 35.353 85.172 62.004 NA NA 
21 34.871 85.547 62.066 NA NA 
22 34.692 85.366 63.659 NA NA 
23 34.729 85.314 61.802 NA NA 
24 34.784 85.809 62.071 NA NA 
25 34.676 85.224 62.476 NA NA 
26 34.775 86.034 62.225 NA NA 
27 34.822 84.471 61.645 NA NA 
28 34.739 88.156 62.362 NA NA 
29 34.73 85.788 61.575 NA NA 
30 34.868 85.932 62.247 NA NA 
31 34.841 87.16 61.896 NA NA 
32 34.768 84.423 61.658 NA NA 
33 34.728 85.464 61.612 NA NA 
34 34.923 86.203 61.651 NA NA 
35 34.803 85.258 61.752 NA NA 
36 34.72 84.726 62.436 NA NA 
37 34.798 87.835 62.882 NA NA 
38 34.879 86.49 61.641 NA NA 
39 34.874 86.074 63.119 NA NA 
40 35.348 85.404 61.661 NA NA 
41 34.8 85.553 62.086 NA NA 
42 34.713 85.579 64.245 NA NA 
43 35.034 85.407 61.26 NA NA 
44 34.756 85.99 62.107 NA NA 
45 34.745 85.696 64.528 NA NA 
46 34.694 86.323 62.028 NA NA 
47 34.721 85.903 61.893 NA NA 
48 34.763 86.571 62.911 NA NA 
49 35.162 86.48 61.575 NA NA 
50 34.774 86.646 62.142 NA NA 
51 34.709 86.694 63.374 NA NA 
52 34.772 85.333 61.769 NA NA 
53 34.83 85.11 61.585 NA NA 
54 34.703 88.188 62.072 NA NA 
55 34.695 85.327 62.102 NA NA 
56 34.698 85.516 62.033 NA NA 
57 34.87 89.019 61.408 NA NA 
58 34.87 84.106 61.208 NA NA 
59 34.421 84.037 60.859 NA NA 
60 34.425 84.575 61.073 NA NA 
61 34.474 84.255 60.894 NA NA 
62 34.49 83.951 61.41 NA NA 
63 34.398 84.671 61.204 NA NA 
64 34.635 84.304 61.131 NA NA 
65 34.411 84.579 60.962 NA NA 
66 34.471 86.641 61.41 NA NA 
67 34.921 83.796 61.221 NA NA 
68 34.547 84.004 61.667 NA NA 
69 34.379 83.987 60.954 NA NA 
70 34.515 83.906 60.485 NA NA 
71 34.464 83.958 61.016 NA NA 
72 34.435 84.133 61.982 NA NA 
73 34.606 84.825 61.1 NA NA 
74 34.441 84.491 62.187 NA NA 
75 34.528 85.25 60.959 NA NA 
76 34.868 84.091 60.973 NA NA 
77 34.513 85.052 62.504 NA NA 
78 34.435 84.652 61.657 NA NA 
79 34.52 85.942 63.225 NA NA 
80 34.852 84.332 62.799 NA NA 
81 34.468 83.799 61.151 NA NA 
82 34.409 83.279 60.331 NA NA 
83 34.274 85.272 63.681 NA NA 
84 34.365 82.888 61.05 NA NA 
85 34.798 85.653 60.782 NA NA 
86 34.317 83.915 62.061 NA NA 
87 34.434 83.593 60.204 NA NA 
88 34.392 83.438 60.131 NA NA 
89 35.517 82.895 61.08 NA NA 
90 34.355 83.292 60.528 NA NA 
91 34.297 83.183 60.846 NA NA 
92 34.296 83.841 62.333 NA NA 
93 34.528 83.713 60.326 NA NA 
94 34.748 83.545 60.186 NA NA 
95 34.322 84.026 60.847 NA NA 
96 34.292 83.614 60.77 NA NA 
97 34.428 83.672 61.967 NA NA 
98 34.453 84.211 60.965 NA NA 
99 34.408 83.565 60.578 NA NA 
100 34.397 84.553 60.84 NA NA 
