1 -19975471 -19971895 -19984010 -19980215 -19997209 NA NA NA NA 
2 -20156689 -20065957 -20092432 -20077063 -20127492 NA NA NA NA 
3 -20117409 -20062108 -20072000 -20067851 -20084690 NA NA NA NA 
4 -20155450 -20066471 -20083995 -20072357 -20111458 NA NA NA NA 
5 -20158322 -20069205 -20112737 -20104278 -20148939 NA NA NA NA 
6 -20055102 -20024480 -20036041 -20033120 -20046651 NA NA NA NA 
7 -20148522 -20063937 -20079029 -20069344 -20102721 NA NA NA NA 
8 -20074450 -20037866 -20048007 -20044855 -20058344 NA NA NA NA 
9 -20151098 -20063826 -20080957 -20069734 -20107701 NA NA NA NA 
10 -20088112 -20045320 -20055191 -20052033 -20066302 NA NA NA NA 
11 -20149966 -20064759 -20079904 -20070227 -20104709 NA NA NA NA 
12 -20161386 -20071277 -20110834 -20098264 -20147109 NA NA NA NA 
13 -20046233 -20018883 -20032136 -20029036 -20043489 NA NA NA NA 
14 -20109325 -20053690 -20063648 -20059526 -20076491 NA NA NA NA 
15 -20047339 -20020690 -20033912 -20031141 -20044441 NA NA NA NA 
16 -20056059 -20026652 -20038930 -20035979 -20050088 NA NA NA NA 
17 -20094156 -20049272 -20058434 -20055344 -20068477 NA NA NA NA 
18 -20166734 -20130316 -20162388 -20163650 -20169089 NA NA NA NA 
19 -20064098 -20032028 -20042332 -20039775 -20051555 NA NA NA NA 
20 -20115764 -20052863 -20062623 -20058400 -20075831 NA NA NA NA 
21 -20060444 -20023091 -20035791 -20031974 -20049642 NA NA NA NA 
22 -20035111 -20009611 -20024783 -20021899 -20036132 NA NA NA NA 
23 -20159374 -20070247 -20089668 -20076980 -20118790 NA NA NA NA 
24 -20110788 -20053098 -20062715 -20058738 -20075583 NA NA NA NA 
25 -20142672 -20057070 -20073157 -20062730 -20098431 NA NA NA NA 
26 -20153823 -20070995 -20125895 -20127343 -20151980 NA NA NA NA 
27 -20138735 -20059211 -20072091 -20064309 -20091974 NA NA NA NA 
28 -20150358 -20064745 -20079913 -20070260 -20104017 NA NA NA NA 
29 -20128451 -20059689 -20070386 -20064912 -20085893 NA NA NA NA 
30 -20059506 -20030505 -20042049 -20038760 -20052248 NA NA NA NA 
31 -20148914 -20059794 -20077866 -20065907 -20106050 NA NA NA NA 
32 -20077908 -20043366 -20053867 -20050784 -20064285 NA NA NA NA 
33 -20164070 -20073418 -20107657 -20092966 -20144992 NA NA NA NA 
34 -20105822 -20050603 -20060357 -20056199 -20072952 NA NA NA NA 
35 -20051632 -20024716 -20037531 -20034171 -20047726 NA NA NA NA 
36 -20057593 -20028934 -20041113 -20037884 -20051820 NA NA NA NA 
37 -20029472 -20006271 -20022855 -20019376 -20036066 NA NA NA NA 
38 -20140943 -20058083 -20071874 -20063325 -20093827 NA NA NA NA 
39 -20161279 -20072346 -20121330 -20115720 -20155316 NA NA NA NA 
40 -20064222 -20033709 -20044752 -20042079 -20055185 NA NA NA NA 
41 -20052309 -20024518 -20036163 -20033381 -20045694 NA NA NA NA 
42 -20142105 -20058723 -20072803 -20064145 -20095559 NA NA NA NA 
43 -20096904 -20047791 -20057281 -20053759 -20068672 NA NA NA NA 
44 -20155573 -20065535 -20085115 -20072229 -20114709 NA NA NA NA 
45 -20051668 -20022315 -20035231 -20031336 -20046145 NA NA NA NA 
46 -20142918 -20058366 -20073543 -20063689 -20097150 NA NA NA NA 
47 -20133841 -20053664 -20066431 -20058983 -20087095 NA NA NA NA 
48 -20091665 -20047841 -20057411 -20053992 -20068115 NA NA NA NA 
49 -20021829 -19998230 -20014047 -20010791 -20025935 NA NA NA NA 
50 -20107844 -20050759 -20060634 -20056272 -20073223 NA NA NA NA 
51 -20148018 -20061808 -20078085 -20067313 -20103106 NA NA NA NA 
52 -20157978 -20137973 -20156131 -20156416 -20160512 NA NA NA NA 
53 -20071099 -20039259 -20049624 -20047074 -20059253 NA NA NA NA 
54 -20113521 -20055499 -20065083 -20060752 -20076981 NA NA NA NA 
55 -20164699 -20118475 -20155796 -20156586 -20165830 NA NA NA NA 
56 -20030617 -20007457 -20023446 -20020072 -20035584 NA NA NA NA 
57 -20049688 -20022846 -20037104 -20033670 -20049198 NA NA NA NA 
58 -20096303 -20044096 -20053693 -20049855 -20065904 NA NA NA NA 
59 -20019689 -19997831 -20015137 -20011691 -20029261 NA NA NA NA 
60 -20082725 -20042741 -20053586 -20049737 -20065534 NA NA NA NA 
61 -20153339 -20063935 -20083164 -20070654 -20112015 NA NA NA NA 
62 -20106737 -20051047 -20060986 -20056635 -20073705 NA NA NA NA 
63 -20154601 -20064863 -20083969 -20071275 -20112985 NA NA NA NA 
64 -20065242 -20033700 -20044507 -20041578 -20054374 NA NA NA NA 
65 -20126921 -20053355 -20064561 -20058387 -20080946 NA NA NA NA 
66 -20134005 -20065732 -20076285 -20071139 -20091206 NA NA NA NA 
67 -19980174 -19970205 -19987124 -19982087 -20001992 NA NA NA NA 
68 -20098195 -20051968 -20061797 -20058185 -20073065 NA NA NA NA 
69 -20109451 -20057894 -20068228 -20064209 -20081957 NA NA NA NA 
70 -20158763 -20150434 -20158302 -20157946 -20161328 NA NA NA NA 
71 -20069995 -20039107 -20049581 -20046786 -20058872 NA NA NA NA 
72 -20063380 -20034494 -20046549 -20043741 -20056748 NA NA NA NA 
73 -20105862 -20049652 -20059411 -20055132 -20072080 NA NA NA NA 
74 -20105940 -20052757 -20063001 -20058624 -20075846 NA NA NA NA 
75 -20083801 -20049235 -20059744 -20056837 -20069786 NA NA NA NA 
76 -20162306 -20071894 -20105634 -20091216 -20142875 NA NA NA NA 
77 -20123068 -20053920 -20064848 -20059033 -20080913 NA NA NA NA 
78 -20122627 -20052880 -20063889 -20058087 -20079852 NA NA NA NA 
79 -20047968 -20020765 -20034859 -20031205 -20046904 NA NA NA NA 
80 -20107910 -20049059 -20058954 -20054659 -20072409 NA NA NA NA 
81 -20075827 -20041858 -20051893 -20049285 -20061595 NA NA NA NA 
82 -20123562 -20058684 -20068988 -20063972 -20083653 NA NA NA NA 
83 -20149998 -20062783 -20080059 -20068762 -20106926 NA NA NA NA 
84 -19983114 -19975902 -19991338 -19987376 -20006676 NA NA NA NA 
85 -20133427 -20059690 -20071122 -20064877 -20088422 NA NA NA NA 
86 -20109334 -20051054 -20061850 -20057123 -20077033 NA NA NA NA 
87 -20122971 -20056134 -20066715 -20061369 -20081693 NA NA NA NA 
88 -20047423 -20019882 -20035227 -20031855 -20048966 NA NA NA NA 
89 -20064989 -20034602 -20045931 -20043176 -20056304 NA NA NA NA 
90 -20061954 -20029870 -20041795 -20037816 -20053149 NA NA NA NA 
91 -20118029 -20055199 -20064957 -20060738 -20078101 NA NA NA NA 
92 -20100850 -20048990 -20058521 -20054760 -20070744 NA NA NA NA 
93 -20050209 -20021697 -20036091 -20032228 -20049071 NA NA NA NA 
94 -20077705 -20037655 -20048317 -20044708 -20060268 NA NA NA NA 
95 -20038438 -20013559 -20029195 -20025716 -20041748 NA NA NA NA 
96 -20138355 -20062639 -20074409 -20067894 -20092750 NA NA NA NA 
97 -20140016 -20063371 -20075196 -20068594 -20093225 NA NA NA NA 
98 -20135333 -20058309 -20070320 -20063493 -20088812 NA NA NA NA 
99 -20163484 -20071302 -20107979 -20093264 -20146728 NA NA NA NA 
100 -20124727 -20058954 -20070210 -20064235 -20086322 NA NA NA NA 
