1 0.8226152 0.8226152 0.8201046 0.8226152 0.8201046 NA NA NA NA 
2 0.4430211 0.4353551 0.4353551 0.4353551 0.4430211 NA NA NA NA 
3 0.43611 0.43611 0.43611 0.43611 0.43611 NA NA NA NA 
4 0.4433889 0.4357037 0.4357037 0.4357037 0.4357037 NA NA NA NA 
5 0.4429411 0.4352476 0.4352476 0.4352476 0.4429411 NA NA NA NA 
6 0.7154535 0.7171587 0.7154535 0.7154535 0.7154535 NA NA NA NA 
7 0.4431723 0.4355445 0.4355445 0.4355445 0.4355445 NA NA NA NA 
8 0.4355049 0.7155526 0.4355049 0.4355049 0.4355049 NA NA NA NA 
9 0.4431713 0.4355063 0.4355063 0.4355063 0.4355063 NA NA NA NA 
10 0.4358437 0.7160352 0.4358437 0.4358437 0.4358437 NA NA NA NA 
11 0.4430719 0.435413 0.435413 0.435413 0.435413 NA NA NA NA 
12 0.4432905 0.4355963 0.4355963 0.4355963 0.4432905 NA NA NA NA 
13 0.7157744 0.7174859 0.7157744 0.7174859 0.7157744 NA NA NA NA 
14 0.4361149 0.4361149 0.4361149 0.4361149 0.4361149 NA NA NA NA 
15 0.7156593 0.7173624 0.7156593 0.7173624 0.7156593 NA NA NA NA 
16 0.7153545 0.7170693 0.7153545 0.7153545 0.7153545 NA NA NA NA 
17 0.4352661 0.4352661 0.4352661 0.4352661 0.4352661 NA NA NA NA 
18 0.4430764 0.4430764 0.4430764 0.4430764 0.4430764 NA NA NA NA 
19 0.4361052 0.716048 0.716048 0.716048 0.4361052 NA NA NA NA 
20 0.4433658 0.435712 0.435712 0.435712 0.435712 NA NA NA NA 
21 0.7159012 0.7176048 0.7159012 0.7159012 0.7159012 NA NA NA NA 
22 0.7159633 0.717691 0.717691 0.717691 0.7159633 NA NA NA NA 
23 0.4436429 0.4359598 0.4359598 0.4359598 0.4359598 NA NA NA NA 
24 0.4355514 0.4355514 0.4355514 0.4355514 0.4355514 NA NA NA NA 
25 0.4432721 0.4355781 0.4355781 0.4355781 0.4355781 NA NA NA NA 
26 0.4436653 0.4359661 0.4436653 0.4436653 0.4436653 NA NA NA NA 
27 0.4435505 0.4359147 0.4359147 0.4359147 0.4359147 NA NA NA NA 
28 0.4434086 0.4356883 0.4356883 0.4356883 0.4356883 NA NA NA NA 
29 0.4433624 0.4356183 0.4356183 0.4356183 0.4356183 NA NA NA NA 
30 0.7156927 0.7174023 0.7156927 0.7156927 0.7156927 NA NA NA NA 
31 0.4429689 0.4352401 0.4352401 0.4352401 0.4352401 NA NA NA NA 
32 0.7158291 0.7158291 0.7158291 0.4360611 0.4360611 NA NA NA NA 
33 0.4432755 0.4356436 0.4356436 0.4356436 0.4432755 NA NA NA NA 
34 0.4356246 0.4356246 0.4356246 0.4356246 0.4356246 NA NA NA NA 
35 0.7156118 0.7173092 0.7156118 0.7173092 0.7156118 NA NA NA NA 
36 0.7157685 0.7174545 0.7157685 0.7157685 0.7157685 NA NA NA NA 
37 0.7161907 0.7179156 0.7179156 0.7179156 0.7161907 NA NA NA NA 
38 0.4429571 0.4352512 0.4352512 0.4352512 0.4352512 NA NA NA NA 
39 0.4430613 0.4353931 0.4430613 0.4353931 0.4430613 NA NA NA NA 
40 0.71563 0.7173365 0.71563 0.71563 0.71563 NA NA NA NA 
41 0.7153469 0.7170499 0.7153469 0.7153469 0.7153469 NA NA NA NA 
42 0.4433423 0.4356778 0.4356778 0.4356778 0.4356778 NA NA NA NA 
43 0.4355009 0.4355009 0.4355009 0.4355009 0.4355009 NA NA NA NA 
44 0.4433328 0.4356118 0.4356118 0.4356118 0.4356118 NA NA NA NA 
45 0.7159451 0.7176673 0.7159451 0.7176673 0.7159451 NA NA NA NA 
46 0.4433141 0.435577 0.435577 0.435577 0.435577 NA NA NA NA 
47 0.4434777 0.4358039 0.4358039 0.4358039 0.4358039 NA NA NA NA 
48 0.4357499 0.4357499 0.4357499 0.4357499 0.4357499 NA NA NA NA 
49 0.7156085 0.717305 0.717305 0.717305 0.7156085 NA NA NA NA 
50 0.4359357 0.4359357 0.4359357 0.4359357 0.4359357 NA NA NA NA 
51 0.4430206 0.4353914 0.4353914 0.4353914 0.4353914 NA NA NA NA 
52 0.4436908 0.4436908 0.4436908 0.4436908 0.4436908 NA NA NA NA 
53 0.7160863 0.7160863 0.7160863 0.7160863 0.4357744 NA NA NA NA 
54 0.4353448 0.4353448 0.4353448 0.4353448 0.4353448 NA NA NA NA 
55 0.4431501 0.4354876 0.4431501 0.4431501 0.4431501 NA NA NA NA 
56 0.7154484 0.7171605 0.7171605 0.7171605 0.7154484 NA NA NA NA 
57 0.7157061 0.7174459 0.7157061 0.7174459 0.7157061 NA NA NA NA 
58 0.4355339 0.4355339 0.4355339 0.4355339 0.4355339 NA NA NA NA 
59 0.7156052 0.7173126 0.7173126 0.7173126 0.7173126 NA NA NA NA 
60 0.7160239 0.7160239 0.4360061 0.4360061 0.4360061 NA NA NA NA 
61 0.4430954 0.435401 0.435401 0.435401 0.435401 NA NA NA NA 
62 0.435389 0.435389 0.435389 0.435389 0.435389 NA NA NA NA 
63 0.443111 0.4354117 0.4354117 0.4354117 0.4354117 NA NA NA NA 
64 0.7157388 0.717457 0.7157388 0.7157388 0.4357249 NA NA NA NA 
65 0.443483 0.4358136 0.4358136 0.4358136 0.4358136 NA NA NA NA 
66 0.4432918 0.4355915 0.4355915 0.4355915 0.4355915 NA NA NA NA 
67 0.820674 0.8231849 0.820674 0.820674 0.7180876 NA NA NA NA 
68 0.435644 0.435644 0.435644 0.435644 0.435644 NA NA NA NA 
69 0.4357447 0.4357447 0.4357447 0.4357447 0.4357447 NA NA NA NA 
70 0.443316 0.443316 0.443316 0.443316 0.443316 NA NA NA NA 
71 0.715778 0.715778 0.715778 0.715778 0.4355794 NA NA NA NA 
72 0.7159042 0.7176025 0.7159042 0.7159042 0.7159042 NA NA NA NA 
73 0.4358431 0.4358431 0.4358431 0.4358431 0.4358431 NA NA NA NA 
74 0.4357005 0.4357005 0.4357005 0.4357005 0.4357005 NA NA NA NA 
75 0.4355361 0.7155025 0.4355361 0.4355361 0.4355361 NA NA NA NA 
76 0.4435785 0.4359641 0.4359641 0.4359641 0.4435785 NA NA NA NA 
77 0.4431931 0.435495 0.435495 0.435495 0.435495 NA NA NA NA 
78 0.443148 0.4354435 0.4354435 0.4354435 0.4354435 NA NA NA NA 
79 0.7159157 0.7176321 0.7159157 0.7176321 0.7159157 NA NA NA NA 
80 0.4431415 0.4354133 0.4354133 0.4354133 0.4354133 NA NA NA NA 
81 0.4357963 0.7156942 0.4357963 0.4357963 0.4357963 NA NA NA NA 
82 0.4431746 0.4355244 0.4355244 0.4355244 0.4355244 NA NA NA NA 
83 0.44335 0.4356257 0.4356257 0.4356257 0.4356257 NA NA NA NA 
84 0.8207628 0.8233004 0.8207628 0.8207628 0.8207628 NA NA NA NA 
85 0.4433121 0.4356236 0.4356236 0.4356236 0.4356236 NA NA NA NA 
86 0.4435754 0.4358849 0.4358849 0.4358849 0.4358849 NA NA NA NA 
87 0.4435823 0.435928 0.435928 0.435928 0.435928 NA NA NA NA 
88 0.7156974 0.7174142 0.7174142 0.7174142 0.7156974 NA NA NA NA 
89 0.7155659 0.7172985 0.7155659 0.7155659 0.7155659 NA NA NA NA 
90 0.7155564 0.7172669 0.7155564 0.7155564 0.7155564 NA NA NA NA 
91 0.4433011 0.4356417 0.4356417 0.4356417 0.4356417 NA NA NA NA 
92 0.4355692 0.4355692 0.4355692 0.4355692 0.4355692 NA NA NA NA 
93 0.7164793 0.7181991 0.7164793 0.7181991 0.7164793 NA NA NA NA 
94 0.4354985 0.7158402 0.4354985 0.4354985 0.4354985 NA NA NA NA 
95 0.7157587 0.7174485 0.7174485 0.7174485 0.7157587 NA NA NA NA 
96 0.4432159 0.4355365 0.4355365 0.4355365 0.4355365 NA NA NA NA 
97 0.4434512 0.4357892 0.4357892 0.4357892 0.4357892 NA NA NA NA 
98 0.4436943 0.436021 0.436021 0.436021 0.436021 NA NA NA NA 
99 0.4430717 0.4353745 0.4353745 0.4353745 0.4430717 NA NA NA NA 
100 0.4437362 0.4361078 0.4361078 0.4361078 0.4361078 NA NA NA NA 
