1 18.654 20.084 19.321 20.224 19.698 
2 19.029 19.624 18.861 19.664 18.191 
3 18.467 21.391 18.48 20.41 18.211 
4 18.531 20.259 18.369 19.679 17.319 
5 17.732 18.529 17.225 18.491 17.26 
6 17.468 18.641 17.68 18.757 17.384 
7 17.57 18.549 17.876 18.791 17.989 
8 17.486 18.879 18.023 18.678 17.731 
9 17.418 18.574 17.919 18.882 17.985 
10 17.826 18.86 18.103 19.032 17.926 
11 17.695 18.842 17.943 18.594 17.802 
12 17.412 18.656 17.834 18.702 17.822 
13 17.453 18.777 17.705 18.662 17.793 
14 17.399 18.853 17.524 18.514 17.775 
15 17.58 18.553 17.866 18.826 17.985 
16 17.67 18.667 17.565 18.426 17.802 
17 18.715 19.227 17.833 18.88 17.942 
18 17.583 18.663 17.982 18.93 18.033 
19 17.797 18.917 17.988 18.978 17.999 
20 17.81 19.499 18.14 18.709 18.025 
21 17.519 18.872 17.363 18.408 17.774 
22 17.316 18.801 17.984 18.826 18.087 
23 17.512 18.54 17.825 18.725 17.804 
24 17.411 18.654 17.779 18.699 17.403 
25 17.534 18.891 17.477 18.916 17.357 
26 17.566 18.687 17.36 19.063 17.425 
27 17.482 19.106 17.688 19.372 18.221 
28 17.464 18.277 17.257 18.502 17.501 
29 17.381 18.186 17.266 18.781 17.531 
30 17.515 18.107 17.182 18.424 17.469 
31 17.389 18.483 18.041 18.609 18.201 
32 17.436 18.737 17.559 18.32 17.812 
33 17.532 18.703 17.723 18.698 17.795 
34 17.546 18.718 17.423 18.843 17.417 
35 17.442 18.725 18.178 18.658 17.662 
36 17.739 18.84 18.199 18.781 18.08 
37 17.485 18.747 17.582 18.506 17.863 
38 17.607 18.597 17.162 18.727 17.751 
39 17.315 18.856 17.931 18.647 18.066 
40 17.515 18.683 18.116 18.737 17.982 
41 17.38 18.72 17.545 18.41 17.982 
42 17.707 18.539 17.801 18.698 17.895 
43 17.423 18.844 17.858 18.672 18.058 
44 17.593 18.724 18.202 18.87 18.361 
45 17.745 18.999 18.272 18.888 18.243 
46 17.734 19.211 17.633 18.947 17.558 
47 17.504 18.823 17.583 18.77 17.458 
48 17.456 18.895 17.437 18.62 17.473 
49 17.421 18.626 17.255 18.786 17.564 
50 17.4 18.822 17.418 18.899 17.504 
51 17.461 18.768 17.398 18.782 17.655 
52 17.739 18.707 18.07 18.793 17.828 
53 17.518 18.74 17.4 19.148 18.215 
54 18.091 18.608 17.751 18.457 17.873 
55 17.678 18.636 17.837 18.854 17.882 
56 17.435 18.619 17.98 18.558 17.513 
57 17.459 19.076 17.385 19.032 17.466 
58 17.482 18.877 17.486 18.9 17.468 
59 17.521 18.056 17.188 18.481 17.124 
60 17.376 18.158 17.152 18.58 17.273 
61 17.4 18.56 17.838 18.828 18.022 
62 18.069 19.089 18.085 18.922 18.01 
63 17.597 18.859 17.398 18.829 17.42 
64 17.359 18.896 17.585 18.595 18.025 
65 17.415 18.714 17.484 18.69 17.24 
66 17.396 18.624 17.76 18.604 17.635 
67 17.362 18.468 17.853 18.656 18.005 
68 17.385 18.788 17.573 18.393 17.896 
69 17.715 18.674 18.004 18.724 17.796 
70 17.408 18.806 17.911 18.838 18.24 
71 17.786 19.061 17.754 18.655 17.976 
72 18.001 18.933 17.934 18.9 17.912 
73 17.461 18.8 17.916 18.761 17.727 
74 17.428 18.751 17.666 18.699 17.433 
75 17.436 18.859 17.933 18.561 18.039 
76 17.382 18.702 18.1 18.73 17.57 
77 17.38 18.532 17.782 18.74 18.025 
78 17.422 19.001 17.591 18.779 18.036 
79 17.876 18.662 18.273 18.888 18.27 
80 17.63 18.748 18.094 18.628 17.724 
81 17.479 18.557 17.919 18.644 17.807 
82 17.417 18.535 17.779 18.856 17.995 
83 17.546 18.897 17.898 18.572 17.853 
84 17.435 18.677 17.41 18.568 17.892 
85 17.483 18.778 17.936 18.695 18.113 
86 17.373 18.691 17.472 19.238 17.525 
87 17.34 18.2 17.189 18.547 17.134 
88 17.472 18.423 17.347 18.938 17.869 
89 17.566 18.611 17.878 18.579 17.862 
90 17.427 18.824 17.304 18.566 18.042 
91 17.68 18.629 17.547 18.479 17.785 
92 17.507 18.533 17.9 18.777 17.174 
93 17.433 18.775 17.915 18.74 17.894 
94 17.349 18.653 17.974 18.573 18.008 
95 17.411 18.815 17.915 18.615 17.888 
96 17.473 18.825 18.084 18.71 18.247 
97 17.799 18.889 17.725 18.958 17.757 
98 17.766 19.133 17.711 18.85 17.778 
99 17.41 18.785 17.938 18.823 17.891 
100 17.381 18.665 18.019 18.697 17.375 
