1 0.4227499 0.832712 0.5488681 0.5481641 0.3155698 0.8346606 0.8237275 0.6166325 0.4001064 
2 0.2521537 0.7557861 0.5961031 0.5403381 0.5192687 0.7034683 0.5979579 0.5361719 0.5192638 
3 0.2332665 0.5208891 0.5311723 0.4847182 0.4109604 0.5046054 0.5406172 0.484135 0.4128175 
4 0.2234997 0.6268622 0.6019926 0.5092123 0.5059981 0.8348124 0.6009208 0.5092206 0.5161561 
5 0.3183159 0.6002646 0.5953948 0.5262725 0.5171844 0.5984828 0.5963004 0.5206218 0.5168717 
6 0.2849166 0.567376 0.4179834 0.4152547 0.4166783 0.5688065 0.4180031 0.4144076 0.4116337 
7 0.221192 0.4492059 0.4491799 0.449234 0.4491776 0.673672 0.4491881 0.4492214 0.4491772 
8 0.2169938 0.8317022 0.6981541 0.6802985 0.4512439 0.834096 0.7944378 0.6833264 0.4782401 
9 0.2865312 0.6746723 0.5410828 0.3870707 0.5180768 0.8288628 0.6362799 0.3766114 0.5182065 
10 0.1983905 0.5700396 0.58889 0.5341179 0.5060146 0.6100009 0.5791244 0.5401753 0.5085945 
11 0.2587234 0.8346556 0.8340825 0.8346547 0.8068469 0.8346556 0.833947 0.8346556 0.8010213 
12 0.1848741 0.8150294 0.5970544 0.5910814 0.4513304 0.829222 0.5982568 0.5800481 0.552552 
13 0.2687116 0.82111 0.6092633 0.5811498 0.4468866 0.8170472 0.6192228 0.581428 0.4470504 
14 0.2932296 0.8058211 0.7527363 0.5725754 0.5165538 0.8101503 0.7855381 0.5717752 0.51696 
15 0.2258441 0.834526 0.7579365 0.499142 0.3436291 0.5565783 0.344116 0.508138 0.4299239 
16 0.1861926 0.6258361 0.4488666 0.5942601 0.4490107 0.7780123 0.4488702 0.5947132 0.4490107 
17 0.2805288 0.7490825 0.705291 0.6181998 0.6275954 0.762358 0.6919545 0.6154916 0.63702 
18 0.1497518 0.5689163 0.5759443 0.796131 0.5991381 0.8103611 0.600424 0.5452147 0.5163749 
19 0.2573934 0.6290465 0.4483658 0.6067761 0.4494877 0.6278623 0.4484304 0.6064784 0.4494907 
20 0.2420847 0.8341341 0.7976721 0.6201341 0.4495891 0.8341341 0.7243471 0.8025769 0.4498228 
21 0.3809701 0.8349364 0.8335936 0.8332817 0.7527947 0.8291043 0.8316168 0.8347064 0.7552795 
22 0.2928788 0.6028901 0.602855 0.6025546 0.5894843 0.6028987 0.602855 0.6028694 0.6026891 
23 0.2940999 0.8340537 0.6493719 0.6976088 0.4478847 0.8340788 0.6101641 0.7110875 0.4498436 
24 0.3191858 0.8193632 0.5810515 0.4378454 0.3779319 0.7897407 0.572161 0.4319665 0.3744808 
25 0.1786401 0.8302077 0.6953003 0.631174 0.6976473 0.834509 0.6970079 0.6301573 0.696504 
26 0.2633125 0.6991067 0.6482556 0.4253645 0.5175129 0.697847 0.6703004 0.4273161 0.5175851 
27 0.2142961 0.763973 0.6386577 0.6722749 0.6350912 0.7660736 0.6530089 0.60021 0.6386503 
28 0.3070357 0.627639 0.4496047 0.5775109 0.4496069 0.5738806 0.4490636 0.4495305 0.4491768 
29 0.2758425 0.834421 0.8341451 0.8326626 0.6026596 0.8343915 0.8330484 0.8335598 0.6026126 
30 0.2508141 0.5514011 0.4581665 0.4170758 0.4883193 0.8307621 0.6075525 0.4402922 0.4891705 
31 0.1565586 0.8301949 0.8300883 0.7652216 0.5579835 0.8342061 0.8331682 0.8243471 0.5614429 
32 0.3062369 0.6013861 0.6014356 0.6064584 0.5903234 0.6026067 0.6017702 0.5245584 0.5525002 
33 0.3101909 0.7222662 0.6165977 0.5752008 0.5169462 0.7653771 0.590525 0.5698936 0.5164535 
34 0.2883563 0.7241711 0.4564945 0.4165836 0.5188091 0.5659914 0.4524037 0.4057109 0.5188672 
35 0.1772591 0.7648282 0.5505015 0.3392331 0.4270018 0.7524108 0.5112101 0.3497904 0.4210588 
36 0.1752372 0.8337052 0.8330624 0.7956118 0.8271165 0.8337266 0.8326185 0.784141 0.8278589 
37 0.1465358 0.5936178 0.4716096 0.3888818 0.4513086 0.6025547 0.4154255 0.383355 0.4953058 
38 0.2953935 0.8345135 0.7684353 0.5539557 0.4337824 0.8331271 0.6677059 0.5507445 0.4362118 
39 0.2495042 0.7586303 0.7582156 0.5113394 0.5195855 0.8267483 0.8322416 0.8337839 0.6037128 
40 0.1373047 0.7406843 0.6369603 0.3689344 0.3822242 0.7588348 0.6289548 0.3871081 0.4487285 
41 0.2874179 0.820524 0.6009965 0.5959481 0.4475676 0.8340469 0.6012256 0.5919117 0.4488747 
42 0.2516674 0.8350099 0.6285899 0.6698973 0.4429751 0.8334868 0.6439081 0.6408202 0.4463894 
43 0.3076359 0.5752373 0.4400349 0.5332348 0.4310352 0.595912 0.5954027 0.5455786 0.4380909 
44 0.2160143 0.5826964 0.5499624 0.548375 0.5547181 0.5879408 0.5557549 0.5440671 0.5540699 
45 0.1816633 0.8320755 0.6777308 0.4480893 0.468715 0.6115568 0.4491085 0.4486203 0.4427094 
46 0.320029 0.7647421 0.6016823 0.6022772 0.602148 0.8301123 0.6023404 0.6023387 0.602169 
47 0.2828649 0.7052669 0.5548534 0.6304091 0.4263195 0.7646904 0.5446946 0.5313549 0.4248003 
48 0.1448051 0.8317891 0.7047475 0.6756186 0.701864 0.8227735 0.700024 0.6798829 0.7048051 
49 0.2375911 0.6783565 0.4717307 0.4594608 0.4629027 0.7619736 0.7451614 0.3613074 0.4058301 
50 0.298381 0.8346647 0.831025 0.8336794 0.6029991 0.8346385 0.832472 0.8329553 0.6031016 
51 0.2822217 0.8341574 0.833071 0.8332944 0.6021294 0.8341555 0.8330342 0.8329846 0.602013 
52 0.3006493 0.8344587 0.8342875 0.8344587 0.6032467 0.8344587 0.8342813 0.8339649 0.6001472 
53 0.2748097 0.5308152 0.3279183 0.3135861 0.3738048 0.7305743 0.4269728 0.3123855 0.36334 
54 0.3129936 0.8335765 0.7855527 0.5479425 0.5586069 0.834258 0.8047994 0.6720088 0.6466764 
55 0.1391342 0.8303671 0.6520019 0.555681 0.3926896 0.7073725 0.5655398 0.5394612 0.4011953 
56 0.2128497 0.6154415 0.4488768 0.4482146 0.4469368 0.6104644 0.4482605 0.4481127 0.44007 
57 0.2309545 0.6287407 0.4470801 0.6186612 0.449664 0.6289596 0.4467164 0.6180263 0.449664 
58 0.2289988 0.5175696 0.4631655 0.3791102 0.3601077 0.5865813 0.4421189 0.31285 0.3679814 
59 0.338941 0.8348148 0.750223 0.7743363 0.5841145 0.8348552 0.7785103 0.7831503 0.4837905 
60 0.1504279 0.786794 0.8138202 0.5865048 0.5131715 0.8206384 0.8211281 0.5736085 0.5073563 
61 0.2057313 0.8341038 0.6012155 0.4507923 0.4459318 0.82733 0.6008474 0.4487642 0.4443328 
62 0.2168174 0.5991183 0.468026 0.4195064 0.5134541 0.5985822 0.5278945 0.4186066 0.5150366 
63 0.3479119 0.8316694 0.5946877 0.4450348 0.4751839 0.8326046 0.5927615 0.4455874 0.4733632 
64 0.1328644 0.7656255 0.5900297 0.5070044 0.5439319 0.7657343 0.5079311 0.5080002 0.52802 
65 0.3344285 0.8345157 0.6970244 0.7959968 0.4493911 0.8345268 0.6976397 0.7629865 0.4492987 
66 0.2869315 0.8335663 0.6021871 0.8335672 0.6019078 0.833567 0.7968337 0.6015087 0.6013031 
67 0.3666436 0.5920595 0.4500418 0.4481354 0.4501436 0.8195 0.4501027 0.4482403 0.4500701 
68 0.2268438 0.8344785 0.4933818 0.4913458 0.5159041 0.824279 0.5565056 0.7325612 0.5167512 
69 0.305203 0.5595668 0.559501 0.5596085 0.5593914 0.6028958 0.5591163 0.4977235 0.5448101 
70 0.2397739 0.7660251 0.6241293 0.5388427 0.5482986 0.7583278 0.6455621 0.648386 0.6128341 
71 0.1271682 0.6025555 0.6023708 0.6025546 0.601427 0.6025512 0.6024064 0.6024953 0.6016167 
72 0.1234901 0.7665995 0.7664085 0.7665381 0.5586543 0.8347085 0.7873953 0.8239893 0.514961 
73 0.2869061 0.8265011 0.5646455 0.5537061 0.558822 0.5474495 0.5578328 0.5539211 0.5588245 
74 0.3273965 0.8007364 0.4502846 0.4500982 0.4503604 0.8001879 0.4502865 0.4496746 0.450697 
75 0.2814076 0.8344187 0.5977518 0.4410041 0.438316 0.8341462 0.5921896 0.4247607 0.4375403 
76 0.1740693 0.8269874 0.6777219 0.57699 0.475257 0.8321497 0.6467467 0.5832408 0.4790807 
77 0.2313825 0.5585415 0.4491981 0.4099016 0.4089939 0.5582704 0.4277012 0.4106945 0.4065224 
78 0.2488065 0.8338935 0.8097994 0.765934 0.755471 0.7659325 0.7652098 0.7356227 0.5336571 
79 0.293102 0.5772711 0.4341658 0.4243262 0.448939 0.444634 0.3948338 0.4259155 0.4488365 
80 0.2940794 0.8344574 0.8335247 0.7961508 0.6006774 0.834554 0.8265839 0.8017726 0.6009145 
81 0.1315171 0.833497 0.7093617 0.6789162 0.4596655 0.8083324 0.7041886 0.6836816 0.448222 
82 0.2287765 0.7588598 0.5616068 0.3914714 0.4661698 0.7607953 0.558921 0.4023782 0.4595776 
83 0.3003533 0.8286065 0.8339261 0.7904771 0.5709582 0.8283683 0.8302975 0.8093085 0.5197667 
84 0.1515019 0.8223363 0.5597209 0.554637 0.5611538 0.8235529 0.5476572 0.5296123 0.5628218 
85 0.1835551 0.7664405 0.6684604 0.4832143 0.4608582 0.7652444 0.6817005 0.5262519 0.4758032 
86 0.2999988 0.8327345 0.622399 0.436802 0.4767117 0.8296784 0.7260588 0.435218 0.517391 
87 0.2841983 0.829416 0.7719769 0.6482556 0.4482044 0.834641 0.7844145 0.615516 0.4516267 
88 0.2967365 0.8334706 0.8261616 0.8331561 0.6014874 0.833471 0.8241738 0.8334621 0.6008488 
89 0.1328131 0.814711 0.6017024 0.5586666 0.5576293 0.6009341 0.5585554 0.5586792 0.5576129 
90 0.2262726 0.8344638 0.5683257 0.4489928 0.4487221 0.8326954 0.4489711 0.4439461 0.4487572 
91 0.2490422 0.7853972 0.6020694 0.4561654 0.4612693 0.808777 0.648976 0.4498286 0.4491173 
92 0.228043 0.8349095 0.8061873 0.7200215 0.5019812 0.8341979 0.6272711 0.754895 0.4961679 
93 0.1479806 0.8347167 0.8333296 0.8346328 0.6150675 0.8346561 0.8320176 0.8346496 0.626051 
94 0.3111486 0.602959 0.6008789 0.602909 0.5964621 0.6029478 0.5999164 0.6021847 0.5947549 
95 0.2540108 0.7044654 0.7041784 0.4465385 0.6832535 0.7486728 0.6893563 0.4490275 0.6719363 
96 0.2707014 0.5758161 0.4184008 0.4134964 0.4031445 0.7631369 0.4238029 0.4150336 0.4187026 
97 0.3071782 0.833887 0.8218865 0.8274944 0.6016792 0.8338833 0.8174898 0.827592 0.6014633 
98 0.1427858 0.6042958 0.6041019 0.604288 0.6035505 0.6042966 0.6041117 0.6042872 0.6035001 
99 0.2667649 0.8342913 0.8323077 0.804221 0.4466288 0.8342913 0.8324543 0.793079 0.4461089 
100 0.1338361 0.7651189 0.4455927 0.6110729 0.4486833 0.7327386 0.4447691 0.6117654 0.4487131 
