1 18.51171 6.606973 14.41847 19.74725 16.05121 6.648168 14.52999 19.87855 16.08937 
2 13.76297 0.09068988 5.09098 4.185152 11.03446 4.071891 5.969401 4.207741 10.986 
3 15.92141 4.980172 9.3789 10.34447 13.28696 5.608508 9.375619 10.41421 13.1953 
4 20.98737 4.600975 13.56658 18.34924 20.89054 4.588415 13.72153 17.65869 20.82003 
5 21.69195 2.453716 9.57382 8.181267 17.18585 2.492408 9.341521 8.975928 17.29745 
6 15.55857 21.64566 20.77357 23.15651 18.82692 22.56922 20.89071 23.17585 18.83611 
7 22.83853 5.324353 12.69436 12.75788 17.68317 5.293234 12.55111 13.46189 17.73861 
8 18.64853 0.8475559 5.897979 7.626233 9.633237 1.626974 6.73097 7.484548 9.698262 
9 17.28123 20.40364 17.20248 20.31364 14.46723 19.78797 17.14545 20.35658 14.47453 
10 17.65964 6.604024 11.23824 5.542109 13.24928 9.219708 12.6255 10.25846 14.22838 
11 16.24009 14.12515 14.48512 19.15867 12.14892 18.6089 14.91646 19.21679 12.3409 
12 20.10216 4.850603 7.809211 5.37586 14.92467 5.05268 7.951877 5.282219 14.94822 
13 21.08861 7.558885 17.02152 23.13588 23.41554 5.96637 17.94643 22.8501 23.44909 
14 22.62103 2.163317 13.51774 15.04082 18.09669 2.953982 13.6644 14.54469 18.04598 
15 15.46095 7.105849 10.18225 17.2165 14.67262 7.044266 11.1133 16.9011 14.49664 
16 20.06957 15.98376 16.45108 14.59632 15.46262 16.37158 16.51792 15.18169 15.56908 
17 18.47378 1.912501 9.494166 20.07904 15.4913 0.7302551 7.191918 19.0349 15.41846 
18 19.81278 0.05508085 7.739778 10.82079 13.03794 0.0385386 7.457867 10.74022 13.05222 
19 16.514 10.50805 17.02254 19.24323 17.30028 5.53255 10.22123 11.06188 14.44044 
20 20.57369 10.72127 11.05575 11.76474 12.88336 10.5953 11.00311 11.96628 12.98657 
21 21.01104 5.043096 9.641037 12.09095 13.50853 5.009221 9.562759 10.4414 13.21707 
22 23.31417 5.735483 13.42942 20.37917 17.42136 4.320094 12.54761 19.58524 17.25427 
23 19.69777 4.568501 12.03613 8.436504 18.7147 5.890327 13.58399 16.02215 21.16884 
24 13.31796 1.256264 4.119402 3.129912 8.832258 1.555478 4.233829 3.151302 8.843811 
25 17.99065 7.287224 9.4286 9.113042 10.23634 3.499884 7.763051 9.481916 9.937743 
26 13.72183 1.81063 6.865534 6.389257 8.847629 1.491482 6.762845 6.408094 7.967096 
27 20.77903 0.4499562 7.385822 7.795283 14.57551 1.61658 7.590933 8.04484 15.15427 
28 17.55084 1.235484 8.400384 9.315294 11.60201 3.75523 8.553238 9.496259 11.68447 
29 20.85187 6.395375 16.13877 24.52177 21.52518 10.38564 17.73709 24.75817 21.67599 
30 16.56946 8.383961 9.79083 9.579827 10.76546 8.463899 9.52198 10.44246 10.95792 
31 19.94193 15.12964 15.127 15.61796 16.91661 12.99495 14.6317 12.51457 16.90136 
32 18.85284 0.6898503 9.52092 17.16883 13.64534 0.1462649 7.630652 16.76019 13.60689 
33 19.86677 3.506997 8.468653 10.39798 12.75662 4.623503 8.671997 10.25956 12.6724 
34 20.69854 5.42219 8.638474 13.58067 14.93455 9.816757 14.64604 7.150196 14.09028 
35 20.53624 21.99026 17.64169 20.9708 14.54777 21.88056 17.63139 20.94848 14.55995 
36 16.38245 3.148009 5.816572 4.563439 8.189854 1.568852 5.442963 5.533783 8.174496 
37 19.57783 7.854528 8.693557 7.605958 10.77725 7.822301 8.655859 7.921341 10.74573 
38 19.35112 1.322984 8.327775 11.11772 12.60346 1.340866 8.441241 10.12281 12.09069 
39 21.1439 6.856813 14.68891 19.92368 19.91953 6.47281 14.26641 19.16046 19.87305 
40 19.41577 1.414169 7.19841 6.357346 14.25028 4.100831 7.094921 5.116015 14.16378 
41 17.17615 4.135615 8.201399 8.296701 13.86447 0.4376269 9.069259 8.979565 14.1043 
42 16.19104 0.7200603 6.053329 6.295559 10.19341 0.872488 5.820342 6.452111 10.21145 
43 16.79114 8.257983 14.55346 18.28747 14.47044 23.17762 16.77945 18.31217 14.43747 
44 22.03542 10.74732 16.07167 24.02442 21.30054 10.07204 16.41339 24.43823 21.33222 
45 17.95308 1.350515 7.487059 9.178939 11.05212 1.163406 6.223229 6.79272 9.516141 
46 22.20706 10.72396 15.75371 14.71154 19.36638 7.945228 12.75137 16.36358 19.35816 
47 20.88706 18.2446 23.44904 27.69371 22.48958 18.573 23.6583 28.09248 22.54283 
48 18.38383 5.053311 11.08292 11.04876 13.20736 5.960624 9.343264 11.24871 13.27632 
49 16.7218 0.1662564 5.34672 8.307731 10.18058 0.09212353 5.253912 8.350485 10.14445 
50 17.75096 6.667456 10.24913 11.99271 14.9026 7.261552 10.26133 12.22081 15.00013 
51 19.5971 1.125503 10.93201 16.65169 16.1936 1.143859 10.85798 16.54035 16.18526 
52 19.92367 18.79131 20.58619 22.21197 22.14746 22.2178 21.28715 22.343 21.70244 
53 21.28749 10.28621 12.66488 14.88853 15.99269 8.504716 12.63176 14.66491 15.72993 
54 19.20994 4.049404 9.136893 8.141205 16.15978 4.049401 8.91783 12.23324 18.83232 
55 17.77975 24.07674 18.91772 24.04051 14.91343 24.06421 18.92742 24.05342 14.91834 
56 16.07348 19.3129 18.21656 21.27864 15.95131 21.18567 18.43016 21.23881 15.93938 
57 16.9759 2.748937 9.577093 15.99143 13.61425 4.483572 10.17206 15.75136 13.55503 
58 20.14787 0.3925729 9.29457 11.88616 18.22236 5.481601 10.31138 13.34572 17.04917 
59 13.11265 4.068241 4.662817 4.068709 6.654146 4.065983 4.646459 4.074301 6.687824 
60 14.72311 4.12929 15.25329 20.95219 19.0435 4.189319 16.51201 21.84909 19.1135 
61 22.5411 10.08705 17.5195 20.73338 21.58001 11.4267 18.08549 20.50918 21.45647 
62 16.51271 0.9028629 9.433793 11.24906 15.22109 1.006289 9.726519 11.56134 15.2843 
63 16.29443 5.927788 8.250479 10.08473 13.44181 7.90641 9.987043 9.922599 13.84859 
64 19.2117 0.04020333 4.888241 6.954937 10.16987 0.03975707 4.829916 4.346119 9.97199 
65 21.71977 0.4146823 9.475198 11.84054 17.49183 12.23728 15.55398 12.81917 18.07003 
66 18.79826 0.2388102 8.116333 7.64842 13.35326 0.2706486 6.669066 5.475017 13.04043 
67 20.94809 4.484454 9.375124 11.49116 15.77767 5.175654 9.828775 12.40419 15.83087 
68 15.06905 0.1007799 2.874549 1.721816 7.291387 0.1553807 3.543794 2.632847 7.481278 
69 18.66011 18.82296 17.14685 19.67384 15.93781 19.14333 17.12829 19.66809 15.89971 
70 18.16546 3.524887 8.067188 8.075554 12.75431 0.06388895 6.482981 7.964598 12.7925 
71 17.30379 1.686549 8.706658 11.38508 15.41515 2.164459 8.51972 11.17354 15.29012 
72 21.5675 14.01191 21.65433 27.37354 21.20802 16.51382 22.6649 27.40919 21.21748 
73 20.63636 5.112198 10.51627 12.26588 15.1587 5.356684 10.68482 13.29828 15.26188 
74 17.44715 3.73509 8.561823 10.91712 12.66533 5.05523 9.342669 8.346211 12.62953 
75 19.22273 5.177253 10.46276 15.96959 15.07352 5.461202 10.10804 15.76456 15.011 
76 17.64935 4.379154 7.383011 12.44786 13.54285 0.8315827 9.152953 12.23911 13.44055 
77 21.43347 5.106578 10.74361 12.14131 16.87324 5.308399 10.90061 11.83495 16.62159 
78 18.03724 21.0583 17.35276 20.19739 14.641 21.1933 17.38152 20.26754 14.68745 
