79 -24239950 -9396630 -18812551 -13551968 -21911846 -10336448 -18788895 -13538442 -21892255 
80 -22592547 -9487623 -16280104 -10038580 -19993722 -8775485 -16266762 -10037025 -20007646 
81 -23829855 -6291717 -16459932 -8531892 -19721539 -6368814 -16427783 -8558874 -19684619 
82 -24248024 -3700952 -19518654 -11455108 -23014983 -3471497 -19485116 -11543529 -23018210 
83 -24992513 -10631354 -19914030 -13502205 -23357655 -11384506 -19901124 -13503324 -23377328 
84 -26000631 -2676935 -16421181 -6723055 -21291615 -2829616 -16408171 -6720795 -21267642 
85 -24637959 -13472679 -19516480 -13518121 -22861675 -13472675 -19489577 -13518402 -22851231 
86 -24495480 -3241736 -15564975 -7930765 -19851499 -3043328 -15571284 -7964822 -19867558 
87 -25940669 -6080180 -17153445 -10056964 -20926881 -9776519 -17069243 -10057539 -20902613 
88 -23699469 -2349430 -16794782 -6995169 -21218896 -2922649 -16937251 -7050375 -21251331 
89 -24257516 931398.8 -18688883 -6142943 -22722801 928680.2 -18761439 -6033093 -22722190 
90 -24200133 -5285186 -19589906 -8896549 -23549623 -5203314 -19568762 -8589114 -23560168 
91 -25669614 -9754194 -18136355 -10443785 -22041289 -9754311 -18224462 -10446511 -22113314 
92 -23696665 -6351993 -15939761 -8523320 -19677060 -6355554 -15958966 -8519944 -19665228 
93 -23791714 -5840173 -18716690 -8780572 -22753905 -5613517 -18705833 -8802718 -22765209 
94 -22773173 -1432965 -15534002 -8294690 -19273453 -1201766 -15566520 -8293122 -19272653 
95 -24973942 926277 -16056097 -7614218 -19670539 925219.7 -16064458 -7261043 -19712599 
96 -24277242 -6588224 -16769990 -10064972 -20551537 -7310485 -16762218 -10063534 -20507544 
97 -24664911 -5007921 -16672864 -9737580 -20194010 -4111204 -16701723 -9816212 -20198379 
98 -24393595 -7575873 -18682821 -11991348 -21885722 -7610066 -18701689 -11964182 -21907960 
99 -25435975 -851910.9 -16536483 -8466672 -20353843 -932286.5 -16564886 -8430252 -20298075 
100 -24552626 -1443403 -18726217 -6957461 -23336968 -1834131 -18711804 -6915510 -23293908 
