1 0.2449683 0.6336289 0.4895979 0.3635458 0.4881276 0.6354518 0.4987438 0.360609 0.4741169 
2 0.2286715 0.8344517 0.6030996 0.6031947 0.5993199 0.6032056 0.6030576 0.603194 0.5995415 
3 0.2071516 0.7999066 0.5062835 0.4182943 0.5109495 0.8041549 0.6730515 0.4186492 0.5070673 
4 0.1364644 0.6935842 0.5325496 0.3739948 0.416503 0.6889873 0.5140717 0.3724678 0.4196182 
5 0.2778133 0.5559131 0.4817963 0.4542834 0.4880462 0.5546183 0.4793324 0.4546722 0.487878 
6 0.2047461 0.5591122 0.5590273 0.5591038 0.5586581 0.5591122 0.5590281 0.5591038 0.5586659 
7 0.1891624 0.7665976 0.5603899 0.5599352 0.5505925 0.7666014 0.5623736 0.5591012 0.5488638 
8 0.2038807 0.7919419 0.5920129 0.5859664 0.565911 0.8119242 0.5826129 0.5855763 0.5653501 
9 0.2063959 0.3268461 0.4797844 0.3614834 0.5096394 0.3266053 0.4816953 0.3552161 0.5102255 
10 0.2999395 0.6027654 0.6026743 0.6026873 0.5987649 0.6027654 0.6026704 0.6027319 0.594491 
11 0.1232487 0.738287 0.5531726 0.5488257 0.5540434 0.544936 0.5519353 0.5454068 0.5534406 
12 0.1635748 0.7663516 0.7657775 0.7662764 0.6063676 0.7663215 0.7655635 0.7660265 0.4970071 
13 0.1966135 0.54075 0.5250925 0.460838 0.4929241 0.558231 0.511111 0.4617072 0.4951742 
14 0.3129134 0.8178852 0.4418109 0.4202836 0.5135053 0.8165755 0.4418694 0.5261075 0.5131566 
15 0.2159389 0.5150537 0.5893479 0.4712385 0.500505 0.5137658 0.5883903 0.486802 0.5021672 
16 0.2598061 0.7030368 0.4185751 0.4185812 0.4188413 0.5961246 0.4186035 0.4153451 0.4188398 
17 0.2303505 0.8333652 0.5957554 0.5627752 0.472815 0.8338753 0.6177527 0.5680759 0.4716099 
18 0.1150333 0.8196257 0.5876171 0.5822658 0.5449608 0.8337961 0.5913691 0.5816151 0.544489 
19 0.2795134 0.3941432 0.4325563 0.3143447 0.4968706 0.5421049 0.4862381 0.5896781 0.5434953 
20 0.2789666 0.6379374 0.6265194 0.6012405 0.5550995 0.6409466 0.6488533 0.5732757 0.5555938 
21 0.1385023 0.7430073 0.6489237 0.516718 0.4187954 0.7650059 0.6494413 0.5136186 0.4187954 
22 0.2658716 0.5788728 0.4327551 0.3180395 0.5135882 0.5928234 0.4441077 0.3189868 0.5136412 
23 0.2532273 0.7547241 0.7626171 0.7454691 0.6382668 0.7663458 0.7621672 0.7240889 0.6104047 
24 0.2017665 0.8343722 0.8302244 0.7876328 0.6706207 0.8343722 0.8303474 0.7891325 0.6717606 
25 0.135484 0.8343755 0.6032674 0.7331037 0.5986682 0.834438 0.6029125 0.6031605 0.5985525 
26 0.2249937 0.5761678 0.589063 0.5462281 0.514147 0.5880923 0.589724 0.5563565 0.517965 
27 0.2527341 0.8317471 0.5893285 0.4528629 0.419901 0.8132265 0.5935598 0.4515968 0.4196798 
28 0.2377055 0.7347532 0.6376707 0.5446095 0.565214 0.6583272 0.6752417 0.5390733 0.559997 
29 0.1364689 0.7457263 0.5560977 0.5186626 0.5155436 0.7346673 0.5505052 0.5186872 0.5155948 
30 0.1526215 0.5209669 0.5792605 0.5203353 0.5991145 0.524063 0.581034 0.5229391 0.5995202 
31 0.1225079 0.6033382 0.6001784 0.5995578 0.549544 0.6033382 0.6002897 0.597281 0.5493975 
32 0.2798551 0.7742376 0.5022867 0.3793043 0.5034928 0.7621623 0.6247022 0.3784122 0.5003225 
33 0.2862605 0.7040881 0.5734795 0.5408316 0.5131108 0.6131327 0.570007 0.5411723 0.514233 
34 0.1390291 0.6030178 0.5793195 0.5590779 0.5552945 0.7663603 0.5954347 0.5930387 0.5128554 
35 0.1570321 0.3207658 0.5047094 0.3273039 0.5158645 0.3213642 0.5051082 0.3297142 0.5159283 
36 0.1933382 0.7268586 0.4495184 0.4438382 0.4495172 0.7109862 0.4494978 0.4869001 0.4495197 
37 0.1413128 0.766152 0.7608253 0.7646506 0.5541819 0.7664347 0.7621689 0.7647242 0.5523396 
38 0.2742535 0.6866058 0.4386927 0.404249 0.514407 0.6221614 0.4381855 0.4101348 0.5111764 
39 0.1302428 0.5186309 0.5443216 0.3570632 0.4123982 0.4954137 0.5629476 0.3607886 0.4081441 
40 0.2840099 0.8341977 0.4732807 0.4729717 0.5024125 0.6032046 0.4636187 0.4724117 0.5009121 
41 0.3068523 0.8119864 0.6547071 0.5995717 0.5501247 0.7900488 0.6729655 0.5934101 0.5289082 
42 0.1244578 0.8344763 0.6029964 0.6032297 0.6011895 0.8344763 0.6031254 0.6032316 0.6012432 
43 0.1811503 0.5360746 0.485908 0.3208867 0.5135234 0.5044407 0.5004169 0.3205026 0.5129218 
44 0.1752125 0.4947264 0.4486145 0.3054464 0.4606 0.4909084 0.4145376 0.3080861 0.4538179 
45 0.221163 0.6023733 0.6561147 0.4414144 0.5186524 0.6028226 0.6400286 0.43258 0.5184815 
46 0.1857926 0.7660833 0.5609485 0.5578821 0.5319225 0.766293 0.5527168 0.5582198 0.5343684 
47 0.1853275 0.4918283 0.4607163 0.3078169 0.4753399 0.4815011 0.4622926 0.300707 0.4724372 
48 0.1704097 0.5815667 0.4296963 0.4458008 0.4490208 0.7482981 0.4491677 0.4454971 0.449012 
49 0.260662 0.8212634 0.7021368 0.6291453 0.6987645 0.8143394 0.7024639 0.6289382 0.6985702 
50 0.1413508 0.6187361 0.6955366 0.5770964 0.6941721 0.6182276 0.6909442 0.5530801 0.6944222 
51 0.2573579 0.7343482 0.4575493 0.379234 0.4769487 0.7290611 0.4590563 0.3819543 0.4769489 
52 0.168841 0.7322944 0.5428843 0.5448649 0.5093996 0.5463769 0.5431994 0.5390371 0.5114345 
53 0.1851425 0.5408986 0.5520583 0.511652 0.4691577 0.5949127 0.5551667 0.509828 0.4685162 
54 0.2067794 0.7662638 0.5593648 0.5574655 0.5395339 0.7662618 0.5596869 0.558234 0.5379897 
55 0.3046628 0.524418 0.5840127 0.5378843 0.5087002 0.5247162 0.583815 0.5382552 0.5075068 
56 0.1714634 0.3163249 0.4762124 0.3161363 0.5056762 0.3167537 0.4811234 0.316683 0.5069789 
57 0.3011049 0.7493699 0.5980362 0.4108936 0.5115896 0.704913 0.5974537 0.4133669 0.5126658 
58 0.2656671 0.8270265 0.5356574 0.4274207 0.4810987 0.7663566 0.7614768 0.7311388 0.4479659 
59 0.309596 0.6030478 0.6029607 0.6030361 0.6023734 0.6030449 0.6029114 0.603041 0.6023478 
60 0.133609 0.6018525 0.5586767 0.5590242 0.5576778 0.601804 0.5590891 0.5589749 0.5576902 
61 0.138293 0.7330247 0.4026849 0.396086 0.4184541 0.7257941 0.4003311 0.3950708 0.418474 
62 0.1331566 0.8158225 0.6758867 0.5510711 0.3928894 0.795828 0.6991408 0.5484337 0.3994861 
63 0.1343546 0.5101175 0.4491201 0.439978 0.4485901 0.5481785 0.4489943 0.4342565 0.4485009 
64 0.2661692 0.8345363 0.602747 0.6022576 0.5977528 0.8345294 0.6026743 0.6026635 0.597487 
65 0.2656971 0.8024787 0.5585656 0.5187385 0.4775866 0.7664403 0.749667 0.7495502 0.5421714 
66 0.1701755 0.8328753 0.4851308 0.4821968 0.4813929 0.8343758 0.4885827 0.4662866 0.4810302 
67 0.1613104 0.7543428 0.7124757 0.4103884 0.4928122 0.761889 0.5791818 0.4252649 0.4917732 
68 0.1414175 0.8344506 0.5831204 0.7366277 0.4494809 0.8344493 0.5850381 0.7176477 0.4493673 
69 0.2406345 0.6006581 0.6001463 0.5890457 0.5956326 0.6002463 0.6002816 0.5901753 0.5952256 
70 0.2080167 0.8343784 0.6023067 0.6018074 0.5906328 0.8344297 0.6010111 0.6017502 0.5904299 
71 0.2286604 0.8340495 0.6036746 0.6024538 0.5572511 0.8344685 0.6034079 0.6026721 0.5572335 
72 0.1390045 0.5016557 0.4461957 0.2853976 0.3933602 0.4209036 0.4253798 0.2854766 0.4002474 
73 0.2741922 0.7561373 0.7351244 0.5183197 0.4826703 0.758776 0.7537086 0.5173848 0.4826747 
74 0.2099337 0.8343618 0.6181616 0.7534752 0.5941972 0.8344159 0.6058329 0.631235 0.5944777 
75 0.2338351 0.5196661 0.5110994 0.3313661 0.5151033 0.515798 0.5074183 0.3316529 0.5146013 
76 0.3049543 0.8342794 0.5962304 0.4148502 0.5007351 0.7698495 0.5178083 0.4099078 0.4972423 
77 0.1465604 0.7664155 0.5426709 0.5205756 0.4042977 0.7664155 0.5463485 0.5536183 0.40004 
78 0.2702845 0.3766214 0.4333999 0.3913491 0.504957 0.3516177 0.4309802 0.3944811 0.5055123 
