1 -2357695 -107694.2 -1481435 -660973.1 -1832895 93766.12 -1388011 -409102.1 -1828371 
2 -2052240 -260256 -1487572 -717580.6 -1808847 -305508.8 -1486964 -711019.8 -1808450 
3 -2355896 -982628.9 -1798646 -1032922 -2088736 -983578.5 -1791435 -1040968 -2091956 
4 -2057723 -378909.5 -1557352 -674562.7 -1951809 -42331.4 -1554164 -672305.4 -1955146 
5 -2153712 -506605.6 -1492674 -874338.7 -1771711 -507101.3 -1492081 -861940.6 -1779932 
6 -2359487 -780867.3 -1700168 -901285.4 -2061703 -780813.3 -1698384 -905675.8 -2075941 
7 -2284648 -548685 -1386872 -548963.5 -1826608 -423004.9 -1391661 -549025.8 -1843777 
8 -2158377 91687.13 -1438235 -308594.4 -1860503 91952.74 -1461091 -356765.2 -1866528 
9 -2340644 -344034.8 -1674736 -989787.5 -2080466 72551.6 -1734464 -987257.5 -2069101 
10 -2010497 -631869.8 -1473105 -655303.9 -1868159 -383180.9 -1499001 -657705.9 -1875641 
11 -2214827 95478.06 -1085023 95049.8 -1703056 95467.59 -1100929 94934.67 -1705978 
12 -2054313 -136929.2 -1433817 -489469.9 -1819865 -45882.45 -1435694 -542268 -1835471 
13 -2149915 91660.32 -1416815 -378725.2 -1857396 90760.01 -1426226 -393573.9 -1857935 
14 -2289763 54218.25 -1471567 -667882.9 -1818777 28030.68 -1487356 -664831.4 -1817294 
15 -2151278 78688.55 -1447872 -932443.3 -1776706 -658735.3 -1462912 -931206 -1774527 
16 -2323832 -432282.9 -1366284 -434307.7 -1827581 -162707.6 -1377260 -434261.4 -1832841 
17 -2350383 -255980.9 -1692542 -607810 -2099765 -255266.3 -1689740 -610101 -2099618 
18 -2318295 -635423.7 -1476765 -395380.4 -1784256 83535.15 -1382740 -683829.1 -1872513 
19 -2080201 -432646.7 -1269886 -433733.3 -1697688 -432651 -1269917 -433632.6 -1687403 
20 -2175562 95898.49 -1296289 -428352 -1759528 95838.06 -1328198 -195126.8 -1753324 
21 -2250817 94027.26 -1193571 86977.4 -1809702 93993.31 -1215066 89294.85 -1789064 
22 -2262167 -599274.2 -1238297 -599386 -1687159 -599268.2 -1239091 -599339 -1688118 
23 -2233188 95792.52 -1309314 -288459.9 -1738077 95744.11 -1312819 -274445.4 -1737570 
24 -1995276 21023.71 -1464796 -805945.5 -1826760 -70508.32 -1467853 -814791.7 -1828515 
25 -2202187 -121711.5 -1349158 -432872.7 -1835946 -3692.289 -1372076 -432919 -1844159 
26 -2274556 -302326.3 -1570024 -831062.4 -1949097 -316449.9 -1577407 -828106.1 -1950562 
27 -2353957 -258631.6 -1736651 -616666.6 -2164818 -251490.8 -1732920 -727984.2 -2170960 
28 -2348997 -432613.5 -1540391 -437836.7 -1960829 -438092.9 -1584160 -553322 -2006414 
29 -2372255 94286.51 -1308754 -232329.3 -1747866 94258.89 -1319095 -215263.9 -1755064 
30 -2311024 -514788.9 -1653168 -1008652 -1970388 50487.06 -1526184 -991872.3 -1969957 
31 -2324367 95552.24 -1410421 -470332.5 -1987181 95788.8 -1462840 -239634.4 -1984570 
32 -2067830 -598567.1 -1419640 -571344.6 -1839118 -598566.6 -1434448 -588683.1 -1849344 
33 -2041093 -22357 -1464162 -674875.3 -1825822 -87117.38 -1463304 -673553.6 -1833642 
34 -2283530 -241407 -1498255 -953965.5 -1791682 -388600.2 -1488205 -1006374 -1805519 
35 -2363298 -390648.4 -1877039 -1346927 -2216167 -507634.2 -1871115 -1314503 -2223570 
36 -2100875 95202.94 -1371361 -188414.6 -1887597 95391.84 -1357067 -200085.1 -1889653 
37 -2239157 -610515.9 -1543135 -910800.5 -1859275 -600784.6 -1534068 -924150.3 -1861333 
38 -2337418 90509.49 -1730863 -584995.4 -2071201 47567 -1686901 -629641.7 -2054555 
39 -2330529 62137.7 -1390678 -649697.2 -1859999 96189.61 -1285114 87976.11 -1836681 
40 -2100468 90739.67 -1528589 -996892 -1899846 81417.53 -1553388 -966182.6 -1903480 
41 -2272039 -151004.8 -1413150 -628014.8 -1814563 25294.24 -1365042 -426351 -1807060 
42 -2362320 42157.82 -1616070 -352342.5 -2052805 70395.21 -1614555 -301941.9 -2050992 
43 -2355508 -429399.6 -1756138 -746477.7 -2113170 -609845.1 -1706670 -743518.6 -2108328 
44 -2228240 -691264.9 -1419804 -945675.7 -1787114 -635791 -1416765 -945678.9 -1778959 
45 -2356873 85770.94 -1669102 -689516.7 -2023557 -426671.9 -1584066 -683380.3 -2019408 
46 -2185436 -399212.2 -1277084 -601614 -1704836 -256901.9 -1286995 -601610.2 -1709576 
47 -2351962 -253659.5 -1565863 -590585 -2013993 -253653.6 -1563139 -654561.9 -2013577 
48 -2015516 81577.14 -1325334 -392992.2 -1828661 82642.67 -1316997 -300196.1 -1819103 
49 -2354746 -593162.2 -1823863 -1216579 -2105152 -278130.7 -1822465 -1191075 -2109120 
50 -2414137 92948.54 -1311164 44280.02 -1782275 92986.69 -1252561 23659.5 -1779352 
51 -2235252 91999.74 -1327968 -226592.8 -1764453 91993.46 -1311112 -228968.8 -1778694 
52 -2162517 95230.88 -1253394 -80767.71 -1701001 95227.93 -1231450 -92014.08 -1704348 
53 -2161954 -651679.8 -1526327 -998907.2 -1878477 -264463.4 -1520383 -998985 -1867128 
54 -2057507 92441.77 -1446742 -645598.6 -1894388 94830.15 -1424634 -549969.9 -1887838 
55 -2171276 62581.68 -1471123 -683007.7 -1845431 -227253.1 -1467414 -688429.6 -1844461 
56 -2257507 -431165.9 -1559579 -626629.9 -1975593 -431581.1 -1576384 -725357.6 -1986099 
57 -2024413 -431588.6 -1209508 -431807.7 -1623402 -431583.9 -1208057 -431817.1 -1625918 
58 -2202552 -633032.4 -1562720 -899530.9 -1914266 -614774.4 -1554973 -995408.3 -1913307 
59 -2303464 93245.68 -1459932 -204451.4 -1962066 93365.5 -1455058 -49318.63 -1940818 
60 -2102094 42662.88 -1512963 -753215.8 -1864560 30079.15 -1501597 -584486.3 -1873271 
61 -2297727 90624.1 -1404915 -508986.8 -1817603 87652.07 -1404210 -534729.7 -1824624 
62 -2118296 -402747.6 -1474178 -823042.5 -1843719 -406252.9 -1475949 -833433.3 -1828729 
63 -2156665 -107239.4 -1441844 -619236.1 -1875187 -94395.97 -1477896 -613178.2 -1875740 
64 -2331855 -292231.4 -1807360 -884918.1 -2154690 -381174 -1721830 -881503 -2149530 
65 -2365217 84880.65 -1490160 -88733.18 -1956013 85478.28 -1506679 -262124.2 -1953979 
66 -2216632 90196.76 -1243221 -60165.81 -1677495 97870.63 -1237143 -599208.5 -1644466 
67 -2278224 -414351.6 -1366443 -532748.6 -1850352 -159822.1 -1430504 -548047 -1862383 
68 -2301594 90607.81 -1749772 -975181 -1994171 81949.05 -1751221 -627837.3 -1983488 
69 -2425980 -945546.6 -1562423 -945612.9 -1946248 -772972.5 -1558764 -945763.8 -1969314 
70 -2338738 -255353.9 -1739624 -873714.6 -2118003 -261442.8 -1735047 -716697.4 -2129964 
71 -2256262 -599715.8 -1377550 -599829.3 -1859346 -599734.5 -1397280 -599961.4 -1863789 
72 -2362338 -253307.1 -1555614 -409345.7 -2075906 93189.51 -1632828 -485291.9 -2084608 
73 -2143736 -112726.1 -1486154 -930418.1 -1871070 -923376.8 -1477174 -931834.1 -1865057 
74 -2043606 -95821.22 -1505215 -586863.5 -1922810 -30054.02 -1531138 -661553.4 -1928888 
75 -2036092 -30594.33 -1480361 -802989 -1899613 -57154.85 -1526149 -809960.2 -1898909 
76 -2333377 68195.85 -1563625 -826936 -1940089 85985.05 -1551044 -830175.1 -1930953 
77 -2357101 -754738.2 -1777432 -1027739 -2178800 -777353.2 -1789872 -1026613 -2170014 
78 -2346757 92653.47 -1630331 -255851.6 -2059082 -253268.4 -1502152 -365274.9 -2094731 
79 -2251076 -439345.2 -1495345 -663406.9 -1869290 -784990.2 -1545774 -663198.3 -1866224 
80 -2078155 93906.34 -1365180 -336793.2 -1898205 94347.05 -1429309 -290554 -1893806 
81 -2314685 82445.08 -1491857 -457152.2 -1946075 8537.331 -1506466 -398791.4 -1938781 
82 -2332420 -162640.7 -1784374 -1004525 -2119527 -150203.9 -1795828 -988169.4 -2111760 
83 -2250029 98265.03 -1450795 -466295 -1895543 98289.9 -1462072 -455873.8 -1892965 
84 -2348621 -172332.7 -1560399 -666367.7 -2005816 71660.59 -1558114 -656993.2 -2005193 
85 -2359050 -256057.7 -1831431 -1006663 -2140908 -264015.6 -1834858 -950072.2 -2135486 
86 -2100256 78928.1 -1521472 -575332.4 -1866796 49187.31 -1552880 -598724.9 -1869615 
87 -2360876 25962.66 -1609173 -824972.4 -1982347 71195.76 -1590077 -916082.5 -1972648 
88 -2000909 95511.47 -1199866 -42862.53 -1733399 95509.31 -1194144 19095.55 -1721535 
89 -2108525 -132509.8 -1464158 -947712.6 -1856215 -704062.1 -1463896 -947835.1 -1854678 
90 -2295330 84423.18 -1325186 -594642 -1779114 82816.8 -1341804 -548437.9 -1781990 
91 -2311399 -378937.9 -1406533 -548643.1 -1840189 -196818.4 -1400842 -548645.6 -1805376 
92 -2355781 50769.3 -1542297 -649339.8 -1962472 -3216.317 -1586335 -505602.7 -1947066 
93 -2095902 94994.65 -1313587 -118736.5 -1841293 94985.74 -1285747 -173081.6 -1847545 
94 -2287877 -599374.4 -1353590 -601035.8 -1797401 -599376.8 -1332219 -600643 -1787955 
95 -2356932 -276945 -1449485 -761226.4 -1863439 -148127.6 -1499997 -776818.9 -1863559 
96 -2366272 -779695.2 -1722406 -989702.2 -2063357 -375210.2 -1753934 -1123910 -2037005 
97 -2130017 95918.56 -1291157 -269942.9 -1678644 95911.63 -1276550 -269699.6 -1692307 
98 -2121559 -600284.6 -1344060 -600385.1 -1795358 -600288.8 -1342736 -600382.2 -1810729 
99 -2137569 95182.51 -1406599 -265018.8 -1845295 95166.44 -1410753 -303157 -1845731 
100 -2321612 -291996.1 -1372207 -434238.6 -1884144 -358649.5 -1370506 -434204.6 -1878667 
