1 -10101936 -4223764 -9260613 -6988212 -9716455 -4774986 -9243692 -6935745 -9725519 
1 -10101936 -4223764 -9260613 -6988212 -9716455 -4774986 -9243692 -6935745 -9725519 
2 -10095710 -4984255 -9186082 -7131574 -9641666 -4361171 -9194790 -7130318 -9645025 
3 -10101657 -4408447 -9169118 -6740555 -9664135 -4622186 -9167737 -6658413 -9661342 
4 -10104167 -2106987 -9320996 -6620534 -9806341 -3343886 -9325914 -6677621 -9803457 
5 -10098683 -2843918 -9161444 -6423020 -9692068 -3444385 -9158873 -6435492 -9695476 
6 -10100710 -3464374 -9208782 -6588677 -9683828 -4158155 -9173472 -6701553 -9682224 
7 -10105354 -5196825 -9234689 -6660930 -9723663 -4624912 -9238613 -6656679 -9721764 
8 -10098377 -4469036 -9220958 -6759066 -9689249 -4434359 -9242079 -6773871 -9689236 
9 -10104548 -1953816 -9266152 -5897786 -9748003 -3239226 -9255657 -6271306 -9750719 
10 -10100759 -3035992 -9235920 -6808462 -9703872 -3632884 -9244522 -6755043 -9704544 
11 -10101151 -5628359 -9212161 -6988265 -9664075 -5584710 -9211235 -6987728 -9664899 
12 -10100364 -4290343 -9227314 -6978971 -9671295 -5194561 -9207700 -7125124 -9671455 
13 -10104288 -5700284 -9244862 -7081023 -9710032 -3564639 -9252366 -7047326 -9709117 
14 -10099986 -3833536 -9202344 -7082934 -9685248 -4582029 -9207245 -6908463 -9684357 
15 -10102182 -4417582 -9291833 -7158756 -9713525 -4590367 -9270318 -7161760 -9718956 
16 -10100026 -3423976 -9261595 -7193512 -9718238 -3714002 -9245877 -7059324 -9737344 
17 -10098666 -3023852 -9143134 -6539340 -9623331 -2532060 -9125967 -6433337 -9621556 
18 -10100181 -2888841 -9264457 -6852583 -9732935 -3672950 -9237212 -6813892 -9733694 
19 -10095670 -3123987 -9194213 -6283611 -9684204 -4020184 -9192136 -6448280 -9683445 
20 -10097516 -3019668 -9209015 -6660605 -9651745 -3051297 -9212435 -6946266 -9650033 
21 -10098057 -5222376 -9191382 -6923194 -9651053 -4874742 -9199160 -6910675 -9650128 
22 -10105546 -5057270 -9225962 -6731408 -9697230 -4756959 -9236929 -6707894 -9694962 
23 -10097106 -5970112 -9194333 -7429509 -9644661 -6039334 -9186703 -7116388 -9648759 
24 -10104675 -4426621 -9209148 -6652416 -9677707 -4361825 -9208270 -6666387 -9675827 
25 -10094922 -5133126 -9150973 -6864487 -9647095 -5169135 -9156748 -6870792 -9648415 
26 -10098673 -4111503 -9216269 -7189657 -9687428 -4097762 -9217339 -7188097 -9684027 
27 -10105193 -2871367 -9328759 -7128262 -9775799 -2889519 -9356550 -6931582 -9764315 
28 -10098220 -4216800 -9201833 -6804011 -9677743 -4327867 -9189465 -6823548 -9677207 
29 -10103836 -3539377 -9310506 -7022471 -9775774 -2908065 -9331729 -6996535 -9771396 
30 -10105557 -4864284 -9179366 -6566390 -9672263 -4827071 -9186370 -6587347 -9676428 
31 -10099699 -5580152 -9126302 -6982652 -9608512 -4756101 -9170311 -7137147 -9607118 
32 -10100625 -3747680 -9248472 -6700777 -9704937 -3730396 -9217523 -6593582 -9711021 
33 -10099009 -4895463 -9211908 -6745566 -9689700 -4134168 -9223240 -6711045 -9691838 
34 -10102386 -4619694 -9338260 -6823500 -9769978 -3742546 -9340717 -6714409 -9767868 
35 -10105298 -4923504 -9332118 -6538062 -9786197 -3700366 -9335471 -6574049 -9784975 
36 -10105258 -5052304 -9268736 -7234260 -9735400 -5326498 -9269573 -7234621 -9735761 
37 -10098500 -3800014 -9253388 -7003126 -9679429 -3403255 -9244790 -6996044 -9680207 
38 -10098223 -3386294 -9154899 -6179023 -9654705 -3904035 -9151366 -6177423 -9651294 
39 -10104432 -2611855 -9221605 -6465185 -9670991 -2866764 -9220543 -6562119 -9668912 
40 -10103703 -4907734 -9211236 -6608062 -9724983 -4909156 -9214067 -6608184 -9723665 
41 -10104015 -2558933 -9239475 -6245090 -9723804 -2477686 -9236369 -6185990 -9724608 
42 -10098085 -3863296 -9220958 -6631914 -9665906 -3776913 -9231723 -6645741 -9666169 
43 -10101227 -4796767 -9255054 -6921343 -9710714 -4819525 -9254132 -6781296 -9713146 
44 -10104147 -3702924 -9287203 -6755614 -9754306 -2410263 -9309292 -6651409 -9762766 
45 -10101540 -4666611 -9182539 -6667438 -9673963 -5070184 -9179839 -6671350 -9676699 
46 -10097374 -5134342 -9170582 -7219285 -9683817 -4879273 -9161049 -7221941 -9684735 
47 -10101244 -3878371 -9262055 -6935313 -9737542 -3675636 -9270913 -7100283 -9736903 
48 -10098062 -4337280 -9190825 -6351568 -9724846 -4019355 -9213226 -6343799 -9722535 
49 -10102158 -3984980 -9207392 -6585471 -9668164 -3996642 -9211541 -6587033 -9670944 
50 -10100119 -4775566 -9223776 -6862362 -9660290 -4091520 -9237185 -6852374 -9662415 
51 -10100148 -3571117 -9222301 -6877634 -9669156 -4185861 -9227690 -6848996 -9670689 
52 -10098290 -3908660 -9173586 -6692935 -9644175 -3616338 -9178535 -6678869 -9643543 
53 -10097502 -3253766 -9228568 -6557697 -9701726 -4339249 -9194999 -6733306 -9704646 
54 -10100397 -4642074 -9170071 -6830423 -9666174 -4474313 -9164988 -6855233 -9666708 
55 -10095522 -1352188 -9120895 -6175060 -9683896 -1891578 -9224146 -6784961 -9687965 
56 -10102823 -4024755 -9200541 -6731274 -9683886 -4104810 -9197706 -6657783 -9683212 
57 -10101830 -4490534 -9260510 -7026406 -9706350 -3734153 -9259112 -6928223 -9700867 
58 -10098617 -4943681 -9161949 -7129474 -9627157 -4963954 -9155400 -7131705 -9619594 
59 -10102117 -4301432 -9162999 -6626524 -9692349 -4670297 -9205540 -6626163 -9690227 
60 -10104538 -3313201 -9304336 -6981283 -9740707 -3346332 -9303412 -6899397 -9737916 
61 -10102776 -3047600 -9293470 -6973812 -9710969 -3059048 -9285651 -6993050 -9712474 
62 -10101086 -5401401 -9193645 -6784917 -9672846 -5145147 -9199379 -6713067 -9675509 
63 -10103134 -4195890 -9243789 -6774904 -9694555 -3339427 -9266509 -6778386 -9696657 
64 -10099193 -4282577 -9219505 -6597097 -9714287 -4054772 -9179469 -6596567 -9712381 
65 -10094086 -4751252 -9100449 -6500528 -9629766 -4580509 -9100492 -6446291 -9627603 
66 -10101199 -3705764 -9188163 -6610803 -9667707 -3864007 -9187534 -6556158 -9665392 
67 -10102247 -5226084 -9196085 -6795261 -9699494 -4825596 -9201632 -6833204 -9703737 
68 -10101390 -4590393 -9203996 -6695248 -9724196 -4231695 -9205571 -6697435 -9729765 
69 -10098765 -3312835 -9167219 -6414079 -9690530 -3411712 -9190229 -6344471 -9690591 
70 -10097287 -4233733 -9200739 -6725079 -9655519 -4110634 -9201059 -6716642 -9654695 
71 -10101809 -5666682 -9171691 -7138477 -9643738 -5632722 -9174675 -7138583 -9646262 
1 -10101936 -4223764 -9260613 -6988212 -9716455 -4774986 -9243692 -6935745 -9725519 
2 -10095710 -4984255 -9186082 -7131574 -9641666 -4361171 -9194790 -7130318 -9645025 
3 -10101657 -4408447 -9169118 -6740555 -9664135 -4622186 -9167737 -6658413 -9661342 
4 -10104167 -2106987 -9320996 -6620534 -9806341 -3343886 -9325914 -6677621 -9803457 
5 -10098683 -2843918 -9161444 -6423020 -9692068 -3444385 -9158873 -6435492 -9695476 
6 -10100710 -3464374 -9208782 -6588677 -9683828 -4158155 -9173472 -6701553 -9682224 
7 -10105354 -5196825 -9234689 -6660930 -9723663 -4624912 -9238613 -6656679 -9721764 
8 -10098377 -4469036 -9220958 -6759066 -9689249 -4434359 -9242079 -6773871 -9689236 
9 -10104548 -1953816 -9266152 -5897786 -9748003 -3239226 -9255657 -6271306 -9750719 
10 -10100759 -3035992 -9235920 -6808462 -9703872 -3632884 -9244522 -6755043 -9704544 
11 -10101151 -5628359 -9212161 -6988265 -9664075 -5584710 -9211235 -6987728 -9664899 
12 -10100364 -4290343 -9227314 -6978971 -9671295 -5194561 -9207700 -7125124 -9671455 
13 -10104288 -5700284 -9244862 -7081023 -9710032 -3564639 -9252366 -7047326 -9709117 
14 -10099986 -3833536 -9202344 -7082934 -9685248 -4582029 -9207245 -6908463 -9684357 
15 -10102182 -4417582 -9291833 -7158756 -9713525 -4590367 -9270318 -7161760 -9718956 
16 -10100026 -3423976 -9261595 -7193512 -9718238 -3714002 -9245877 -7059324 -9737344 
17 -10098666 -3023852 -9143134 -6539340 -9623331 -2532060 -9125967 -6433337 -9621556 
18 -10100181 -2888841 -9264457 -6852583 -9732935 -3672950 -9237212 -6813892 -9733694 
19 -10095670 -3123987 -9194213 -6283611 -9684204 -4020184 -9192136 -6448280 -9683445 
20 -10097516 -3019668 -9209015 -6660605 -9651745 -3051297 -9212435 -6946266 -9650033 
21 -10098057 -5222376 -9191382 -6923194 -9651053 -4874742 -9199160 -6910675 -9650128 
22 -10105546 -5057270 -9225962 -6731408 -9697230 -4756959 -9236929 -6707894 -9694962 
23 -10097106 -5970112 -9194333 -7429509 -9644661 -6039334 -9186703 -7116388 -9648759 
24 -10104675 -4426621 -9209148 -6652416 -9677707 -4361825 -9208270 -6666387 -9675827 
25 -10094922 -5133126 -9150973 -6864487 -9647095 -5169135 -9156748 -6870792 -9648415 
26 -10098673 -4111503 -9216269 -7189657 -9687428 -4097762 -9217339 -7188097 -9684027 
27 -10105193 -2871367 -9328759 -7128262 -9775799 -2889519 -9356550 -6931582 -9764315 
28 -10098220 -4216800 -9201833 -6804011 -9677743 -4327867 -9189465 -6823548 -9677207 
29 -10103836 -3539377 -9310506 -7022471 -9775774 -2908065 -9331729 -6996535 -9771396 
30 -10105557 -4864284 -9179366 -6566390 -9672263 -4827071 -9186370 -6587347 -9676428 
31 -10099699 -5580152 -9126302 -6982652 -9608512 -4756101 -9170311 -7137147 -9607118 
32 -10100625 -3747680 -9248472 -6700777 -9704937 -3730396 -9217523 -6593582 -9711021 
33 -10099009 -4895463 -9211908 -6745566 -9689700 -4134168 -9223240 -6711045 -9691838 
34 -10102386 -4619694 -9338260 -6823500 -9769978 -3742546 -9340717 -6714409 -9767868 
35 -10105298 -4923504 -9332118 -6538062 -9786197 -3700366 -9335471 -6574049 -9784975 
36 -10105258 -5052304 -9268736 -7234260 -9735400 -5326498 -9269573 -7234621 -9735761 
37 -10098500 -3800014 -9253388 -7003126 -9679429 -3403255 -9244790 -6996044 -9680207 
38 -10098223 -3386294 -9154899 -6179023 -9654705 -3904035 -9151366 -6177423 -9651294 
39 -10104432 -2611855 -9221605 -6465185 -9670991 -2866764 -9220543 -6562119 -9668912 
40 -10103703 -4907734 -9211236 -6608062 -9724983 -4909156 -9214067 -6608184 -9723665 
41 -10104015 -2558933 -9239475 -6245090 -9723804 -2477686 -9236369 -6185990 -9724608 
42 -10098085 -3863296 -9220958 -6631914 -9665906 -3776913 -9231723 -6645741 -9666169 
43 -10101227 -4796767 -9255054 -6921343 -9710714 -4819525 -9254132 -6781296 -9713146 
44 -10104147 -3702924 -9287203 -6755614 -9754306 -2410263 -9309292 -6651409 -9762766 
45 -10101540 -4666611 -9182539 -6667438 -9673963 -5070184 -9179839 -6671350 -9676699 
46 -10097374 -5134342 -9170582 -7219285 -9683817 -4879273 -9161049 -7221941 -9684735 
47 -10101244 -3878371 -9262055 -6935313 -9737542 -3675636 -9270913 -7100283 -9736903 
48 -10098062 -4337280 -9190825 -6351568 -9724846 -4019355 -9213226 -6343799 -9722535 
49 -10102158 -3984980 -9207392 -6585471 -9668164 -3996642 -9211541 -6587033 -9670944 
50 -10100119 -4775566 -9223776 -6862362 -9660290 -4091520 -9237185 -6852374 -9662415 
51 -10100148 -3571117 -9222301 -6877634 -9669156 -4185861 -9227690 -6848996 -9670689 
52 -10098290 -3908660 -9173586 -6692935 -9644175 -3616338 -9178535 -6678869 -9643543 
53 -10097502 -3253766 -9228568 -6557697 -9701726 -4339249 -9194999 -6733306 -9704646 
54 -10100397 -4642074 -9170071 -6830423 -9666174 -4474313 -9164988 -6855233 -9666708 
55 -10095522 -1352188 -9120895 -6175060 -9683896 -1891578 -9224146 -6784961 -9687965 
56 -10102823 -4024755 -9200541 -6731274 -9683886 -4104810 -9197706 -6657783 -9683212 
57 -10101830 -4490534 -9260510 -7026406 -9706350 -3734153 -9259112 -6928223 -9700867 
58 -10098617 -4943681 -9161949 -7129474 -9627157 -4963954 -9155400 -7131705 -9619594 
59 -10102117 -4301432 -9162999 -6626524 -9692349 -4670297 -9205540 -6626163 -9690227 
60 -10104538 -3313201 -9304336 -6981283 -9740707 -3346332 -9303412 -6899397 -9737916 
61 -10102776 -3047600 -9293470 -6973812 -9710969 -3059048 -9285651 -6993050 -9712474 
62 -10101086 -5401401 -9193645 -6784917 -9672846 -5145147 -9199379 -6713067 -9675509 
63 -10103134 -4195890 -9243789 -6774904 -9694555 -3339427 -9266509 -6778386 -9696657 
64 -10099193 -4282577 -9219505 -6597097 -9714287 -4054772 -9179469 -6596567 -9712381 
65 -10094086 -4751252 -9100449 -6500528 -9629766 -4580509 -9100492 -6446291 -9627603 
66 -10101199 -3705764 -9188163 -6610803 -9667707 -3864007 -9187534 -6556158 -9665392 
67 -10102247 -5226084 -9196085 -6795261 -9699494 -4825596 -9201632 -6833204 -9703737 
68 -10101390 -4590393 -9203996 -6695248 -9724196 -4231695 -9205571 -6697435 -9729765 
69 -10098765 -3312835 -9167219 -6414079 -9690530 -3411712 -9190229 -6344471 -9690591 
70 -10097287 -4233733 -9200739 -6725079 -9655519 -4110634 -9201059 -6716642 -9654695 
71 -10101809 -5666682 -9171691 -7138477 -9643738 -5632722 -9174675 -7138583 -9646262 
72 -10101753 -6119741 -9270311 -7573072 -9688638 -5925574 -9264844 -7572476 -9688673 
73 -10105857 -4972061 -9288052 -6789567 -9749710 -4929168 -9281672 -6794019 -9749399 
74 -10098881 -4414773 -9150015 -6484045 -9637537 -4701195 -9145821 -6525339 -9641011 
75 -10103506 -5221784 -9176756 -7000403 -9664000 -4515058 -9187500 -6991242 -9663998 
76 -10102117 -5349870 -9212748 -6660685 -9717765 -5249454 -9211736 -6654275 -9716829 
77 -10102264 -4810791 -9390635 -7278743 -9759844 -5343893 -9346015 -7476844 -9757907 
78 -10101544 -3746250 -9231137 -6673840 -9705208 -2759004 -9206507 -6617431 -9704636 
79 -10094199 -3940294 -9094490 -6387263 -9601391 -3940729 -9096340 -6382851 -9600084 
80 -10103526 -4702061 -9298861 -7135088 -9713254 -4372167 -9311664 -7157021 -9716181 
81 -10100561 -5300905 -9176420 -6609997 -9677070 -4628185 -9177677 -6421192 -9674050 
82 -10105790 -4656986 -9338810 -7036672 -9762051 -3893820 -9345812 -7142848 -9763011 
83 -10103210 -5900436 -9199223 -7138891 -9681188 -5849927 -9205056 -7138610 -9680236 
84 -10099982 -4671274 -9357112 -7036716 -9760454 -4705538 -9350352 -7012979 -9760159 
85 -10103334 -3140212 -9196778 -6986449 -9682074 -2385919 -9197670 -6280982 -9688043 
86 -10101798 -3705315 -9278832 -7020866 -9710246 -3781001 -9275158 -7024767 -9709673 
87 -10098512 -3931189 -9200861 -6396551 -9670703 -3706941 -9193356 -6549709 -9676284 
88 -10099802 -4922980 -9198048 -6704888 -9654312 -5046315 -9188998 -6694957 -9653241 
89 -10101964 -3893330 -9235977 -6648047 -9700089 -3723487 -9234460 -6669027 -9694859 
90 -10097898 -2940141 -9189172 -6388630 -9667093 -3151327 -9187166 -6570397 -9672008 
91 -10105393 -3892165 -9290110 -6827949 -9748969 -3798139 -9287633 -6786760 -9744449 
92 -10105841 -3395504 -9279421 -6733210 -9737108 -3438063 -9270933 -6696887 -9739529 
93 -10096273 -5029326 -9219718 -6692263 -9686582 -4917793 -9211750 -6652418 -9681577 
94 -10104301 -3930899 -9287455 -6586595 -9746584 -3862336 -9284820 -6507550 -9752690 
95 -10103392 -5348210 -9302070 -7604928 -9709516 -5346979 -9295164 -7593958 -9712439 
96 -10101982 -3908164 -9241748 -6708738 -9717050 -4044708 -9242311 -6625766 -9714533 
97 -10097155 -4906835 -9160226 -6958790 -9635694 -5297019 -9155506 -6941280 -9636212 
98 -10100879 -5555656 -9211953 -7265714 -9662232 -5083107 -9205172 -7264453 -9661043 
99 -10100190 -4917637 -9163263 -7138711 -9642209 -5018061 -9174083 -7137559 -9646443 
100 -10096976 -3543521 -9137013 -5814998 -9647777 -3403826 -9122582 -5846036 -9647386 
