1 19.176 25.089 25.072 25.065 27.168 
2 19.456 25.114 24.976 24.893 24.279 
3 19.492 25.039 25.768 25.083 25.294 
4 20.036 25.188 24.223 25.77 24.297 
5 19.734 25.295 24.066 26.587 25.238 
6 19.863 25.675 26.574 25.976 24.851 
7 20.169 26.317 24.409 25.453 25.135 
8 19.588 25.158 24.922 25.53 25.263 
9 19.547 25.492 24.184 25.391 24.539 
10 19.686 25.867 25.181 27.276 30.331 
11 19.687 25.344 25.309 25.701 25.506 
12 19.534 25.584 24.93 25.634 24.268 
13 19.55 26.024 24.568 25.428 24.187 
14 19.599 26.025 24.5 25.957 24.25 
15 19.686 26.055 24.667 25.937 24.2 
16 19.631 26.154 23.972 25.036 23.72 
17 19.571 25.115 23.873 24.968 23.94 
18 19.264 24.725 24.464 24.887 23.966 
19 19.188 24.854 23.902 24.978 23.807 
20 19.135 25.173 24.469 25.384 24.377 
21 19.268 25.632 24.604 25.242 24.506 
22 19.283 25.345 24.037 25.424 23.936 
23 19.248 24.982 23.907 24.902 23.702 
24 19.199 25.176 24.752 25.237 23.915 
25 19.258 24.879 23.876 24.836 24.003 
26 19.203 24.753 23.783 24.889 23.982 
27 19.2 25.845 24.997 25.606 24.826 
28 19.537 25.864 24.412 26.022 24.291 
29 19.563 26.049 24.509 25.893 24.483 
30 19.597 25.924 24.454 25.796 24.585 
31 19.3 26.162 24.456 26.005 24.177 
32 19.314 25.922 23.964 25.463 23.763 
33 19.225 24.875 24.675 25.172 24.663 
34 19.446 24.864 24.112 25.038 23.774 
35 19.166 25.263 23.86 25.458 24.677 
36 19.327 25.529 24.646 25.257 24.281 
37 19.227 25.434 24.409 25.218 24.382 
38 19.247 25.415 24.015 24.922 24.315 
39 19.197 25.468 24.593 25.172 24.566 
40 19.341 25.667 25.266 26.138 24.4 
41 19.541 25.323 24.08 24.945 24.382 
42 19.208 25.533 24.612 25.231 24.531 
43 19.219 25.527 24.267 24.978 24.27 
44 19.165 25.285 24.198 25.307 24.111 
45 19.128 25.554 24.231 25.173 24.041 
46 19.264 25.651 24.115 25.544 24.16 
47 19.266 25.659 24.086 25.49 23.997 
48 19.306 25.481 24.004 25.388 24.009 
49 19.166 25.499 24.188 25.195 24.024 
50 19.822 25.673 24.208 25.396 24.13 
51 19.185 25.359 24.642 25.163 23.983 
52 19.26 25.754 24.146 25.386 24.023 
53 19.332 25.546 23.874 25.673 23.929 
54 19.205 25.624 24.124 25.454 24.119 
55 19.133 25.391 24.13 25.434 24.02 
56 19.311 25.67 24.023 25.41 24.004 
57 19.131 25.603 24.133 25.766 24.098 
58 19.093 25.552 24.173 25.58 23.93 
59 19.131 25.02 23.813 25.022 23.771 
60 19.28 25.343 24.637 25.263 23.928 
61 19.249 25.673 23.965 24.618 23.756 
62 19.261 24.931 23.941 25.008 23.728 
63 19.213 25.628 24.021 25.705 23.812 
64 19.195 25.686 23.914 25.296 23.796 
65 19.29 25.761 23.896 24.802 23.703 
66 19.351 24.833 24.447 24.93 23.904 
67 19.313 24.876 23.859 25.265 24.295 
68 19.172 25.507 24.539 25.253 24.587 
69 19.145 25.266 24.71 25.158 24.142 
70 19.256 25.399 24.419 25.2 24.133 
71 19.721 25.095 23.832 25.355 24.489 
72 19.33 25.491 24.557 25.21 24.479 
73 19.163 25.381 24.581 24.914 23.924 
74 19.31 25.204 24.421 25.155 24.427 
75 19.168 25.624 24.031 25.445 23.884 
76 19.199 25.356 24.645 24.913 24.402 
77 19.425 25.238 24.596 25.273 23.902 
78 19.25 24.738 23.854 24.943 23.967 
79 19.1 24.819 23.909 25.014 23.74 
80 19.271 25.2 24.715 25.136 24.253 
81 19.247 25.376 24 25.151 23.692 
82 19.226 25.084 24.432 25.189 24.35 
83 19.262 25.354 23.994 25.313 24.316 
84 19.584 25.384 23.789 25.079 24.241 
85 19.321 25.376 24.089 25.206 24.216 
86 19.367 25.374 24.595 25.109 24.812 
87 19.291 25.423 24.205 25.154 24.042 
88 19.344 25.492 24.069 25.193 24.144 
89 19.223 25.38 24.429 25.313 24.364 
90 19.227 25.281 24.76 25.175 24.484 
91 19.171 25.347 24.117 25.265 24.058 
92 19.181 25.469 24.043 25.328 24.023 
93 19.134 25.359 24.187 25.136 24.041 
94 19.187 25.504 24.072 25.345 23.982 
95 19.257 25.491 24.255 25.307 23.984 
96 19.513 25.641 24.168 25.453 24.471 
97 19.287 24.878 23.895 25.61 23.897 
98 19.379 25.79 23.978 24.827 23.622 
99 19.441 25.485 23.94 25.371 23.724 
100 19.204 25.607 23.92 25.372 23.726 
