1 266551.6 266471.8 266592.3 266352.3 266592.8 266518.8 266475.7 266716 266609.7 
2 266260.7 266363.8 266204 266504.6 266256.2 266073.7 266251.5 266276.1 266355.5 
3 266105.9 266065 266112.6 266039.4 266098.9 265860.3 266104.7 266387.6 266133.1 
4 266499.5 266704.9 266480.1 266706.7 266432.8 266358.8 266478.5 266333.5 266559.5 
5 266187.1 266315.1 266182.5 265996 266209.1 265975.6 266157.2 266164.2 266226.4 
6 266095.8 265944.9 266171.3 266312.5 266126.1 265926.5 266136.8 266058.9 266023.2 
7 266435.5 266362.6 266402.9 266831.2 266465.4 266379.8 266445.7 266306.3 266452.5 
8 266221.4 266174.7 266205.5 266541 266182 266456.1 266291.7 266267.6 266194.8 
9 266183.2 266136.3 266070.2 266061.8 266118.8 266301.3 266318.4 266412.6 266216.8 
10 266235.3 266089.2 266234.7 266347.1 266180.3 266170.7 266251.7 265989.2 266232.8 
11 266461.8 266926.6 266387.1 266336.8 266463.8 266386.8 266319 266162.4 266373 
12 266222.3 266112.7 266207 266540.2 266285 266129.8 266242.6 266188.5 266335.3 
13 266562.7 266361.8 266474.7 266548.5 266657.4 266687.6 266501.6 266680 266537.8 
14 266102.7 266379.8 266145.7 265769 265956.4 266289.1 266275.7 265945.2 266144.2 
15 266720.1 266632.7 266659.9 266687.9 266707.5 267041.2 266692.8 266720.2 266771.1 
16 266370.8 266568.5 266536.8 266134.7 266422.6 266180.2 266354.8 266174 266298.4 
17 265907.8 265878 265987 266067.2 265931.5 265627.4 265919.4 265930.8 265944.9 
18 266062.7 265882.7 265986.3 266043.1 266060.3 266003 266086.8 266294 266121.2 
19 266151.8 266200.6 266156.5 266247.7 266093 266104.4 266105.8 266248.7 266077.8 
20 266682.4 266698 266550.3 266787.5 266819.6 266761.9 266791.5 266503.4 266593.3 
21 266442.6 266502.7 266474.7 266344.8 266483.6 266426.9 266275.8 266437.7 266397.9 
22 266773.3 266351.6 266688.6 266725.8 266856.1 266742.9 266739.7 266790 266690.4 
23 266502.1 266757.4 266555.9 266690.9 266511.8 266609 266443.1 266837.9 266520.9 
24 266556.9 266678.9 266594.5 266421 266516.4 266595.1 266376.2 266514.3 266711.8 
25 266629 266691.4 266553.7 266498.1 266544.6 266683.1 266646.3 266432.4 266602.6 
26 266373.2 266034.3 266373.6 266670.9 266464.3 266303.9 266425.9 266216.2 266446 
27 266216.8 266461.1 266266.3 266441 266234.8 266249.4 266304.6 266284.7 266189.5 
28 265985.3 266225.8 265997.6 266073.6 265976.4 265827.6 265799.4 266059.3 265908.5 
29 266240.3 266430 266393 266475.3 266452.8 266354.6 266320.7 266170.8 266337.2 
30 266557.8 266743.4 266496.1 266816 266622 266778.2 266590 266519.8 266524.6 
31 266185.2 266465.1 266268.2 266174.1 266139.6 265871.5 266181.6 266046.1 266148.5 
32 266458.4 266507.7 266443.8 266176 266372.6 266472 266583.7 266531.2 266454.6 
33 266335.8 266570.3 266410.9 266639.9 266388.6 266173.8 266306.5 266475 266434.3 
34 266646.5 266314.2 266570.6 266760.9 266646.2 266414.8 266596.3 266578 266625.6 
35 266529.4 266281.1 266685.2 266293.2 266510.1 266569.7 266480.3 266304.2 266558.3 
36 266341.4 266200.6 266401.6 265834.1 266313 266339.6 266240.8 266256.8 266323.8 
37 266409.9 266387.2 266425.8 266402.4 266394.5 266442.6 266348.5 265894.6 266349.3 
38 266294.2 266431.4 266290.2 266087.5 266285.6 266430.8 266301.1 266277.5 266221.7 
39 266447.3 266191.4 266432.1 266580.7 266488 266614.9 266388.7 266619.7 266389.2 
40 266508.9 266230.2 266554.2 266732.5 266463.4 266350.1 266629.3 266544.3 266528.6 
41 266404.3 266506.6 266446 266418 266402.6 266579.7 266423.3 266434.4 266488.6 
42 266117.7 265898.6 266125.6 266090.5 266156.3 266390.1 266013 266125.1 266153.5 
43 266476.7 266381.5 266481.3 266680.6 266499.3 266564.6 266433.4 266546.4 266599.1 
44 266018.2 266051.9 265926.1 265825.6 266024.4 266076.4 266103.9 266072.5 266051.3 
45 266157.7 266257.7 266131.8 266182 266094.2 265703.6 266038.6 265940 266152.1 
46 266079 266121.5 266089.8 266289 265987.1 266031.3 265939.2 265880.8 266164.1 
47 266182.8 266218.8 266164.6 265965.8 266185.7 265896.8 266107.5 266447.5 266141.8 
48 266465.2 266349.6 266346 266341.1 266468.9 266428.4 266432 266483.1 266429.5 
49 266193.7 266165.3 266156.1 266476.5 266297.5 266324.7 266143.7 266289.2 266150.9 
50 266346.6 266455 266280.6 266443.8 266346.8 266591.7 266259.8 266392.6 266398.9 
51 266459.4 266761.7 266539.1 266335.1 266498.7 266497.1 266474 266329.1 266418.9 
52 266418.1 266318.7 266450.1 266556.4 266405.6 266513.1 266411.9 266342.3 266478.5 
53 266568 266730.4 266482.7 266548.1 266495.9 266337.1 266549.4 266374.4 266689.6 
54 266014.1 265881 266008 266025.9 266084.8 266209 266084.4 266151.6 265957.4 
55 266438.4 266219.1 266432.8 266712.3 266524.8 266278.1 266306.9 266340.6 266382.6 
56 266187.8 266040.4 266302.1 266096.5 266272.1 266087 266342.9 266297 266304.2 
57 266411.9 266557.2 266472 266448.7 266339.4 266428.3 266472.2 266747.1 266349.7 
58 266391.7 266214 266400.4 266288.4 266542.8 266805.7 266421 266301.2 266506.8 
59 266221.9 266364.5 266261.5 266095.2 266218.8 266259.6 266235.2 266169.1 266237.9 
60 266303.4 266111 266348 266118.8 266334.1 266204.8 266405.4 266107.4 266244.2 
61 266399.9 266203.9 266408.8 266197 266383.9 266252.9 266443.1 266443.3 266329.7 
62 266376.7 265768.2 266356.6 266372 266473.2 266338.3 266478.7 266512 266355.7 
63 266437.6 266310.8 266440 266443.8 266357.8 266458.6 266471.8 266375.6 266478.1 
64 266346.5 266573 266222.7 266520.9 266383.7 266603.4 266288.3 266406.6 266185.9 
65 266297.1 266071.1 266234.1 266313.4 266189.4 266472.8 266245.9 266090.7 266240 
66 266645.1 266664.7 266540.3 266876.5 266653.4 266818.3 266734.3 266559.8 266681.3 
67 266074.9 266211 266137.7 265865.9 266049.4 266113.5 265903.7 265960.4 266022.5 
68 266693.8 266835.7 266900.7 266924.5 266630.3 266638.1 266582.7 266836.2 266785.7 
69 266089.7 265974 266054.2 266063.6 266091.9 266217.3 265989.9 266265.4 266046.8 
70 266628.9 266335.5 266444 266650.3 266659.1 266541.5 266534.4 266574.6 266574.5 
71 266349 266449.7 266246 266284.4 266392.4 266122.4 266359.8 266493.5 266348.3 
72 266049.8 265846.4 266072.5 266142.5 266055.7 266064.1 266112.3 265944.9 266167.1 
73 266059.7 265907.9 265892.4 266062.5 266006.9 265889.1 266048.4 266200.6 266190.9 
74 266165.9 265919 266085.1 266116 266131.4 265918 266247.7 266270 266236.4 
75 266557.8 266659.8 266493.6 266524 266621.6 266706.4 266663.5 266595.3 266425.3 
76 266459.4 266543.7 266456.5 266300.5 266410 266266 266386.8 266533.2 266462.5 
77 266274.2 266003.7 266204.7 266024.4 266285.4 266659 266395.5 266265 266319.7 
78 265929.3 265826.4 265971.1 265991.4 265918 266207.7 265927.8 266191 266062.4 
79 266353.4 266531.3 266362.2 266499.4 266318.8 266276.2 266391.9 266321 266448.1 
80 266019.1 265939.7 266014.8 266070.9 266023.3 265738.6 266026.6 265933.8 265885.4 
81 266001.2 265791 266032.9 266176.1 266118.8 265773.5 265982 266399.5 266011 
82 266647.5 266493.6 266684 266586.3 266733.1 266587.2 266669.1 266859.3 266586.4 
83 266709.5 266532.5 266692.1 266829.4 266799.1 266898.3 266748.1 266381.9 266531.6 
84 266410.4 266452 266495.1 266379.1 266481 266769.8 266411.3 266521.7 266496.7 
85 266599.5 266325.6 266510.5 266348.7 266586.2 266494.9 266690.8 266640.1 266562 
86 266465.6 266497.5 266475.1 266350.3 266468.4 266169.9 266398 266617.3 266449.3 
87 265977.4 266143.3 266041.6 265949.4 265982.2 265734.6 266006.5 266369.7 265964.5 
88 266127.9 266247.3 266114.8 266141 266058.2 266079.3 266011.8 266198.7 266064.4 
89 266056.8 265944.3 266036.5 266262.7 266099.8 266289.8 266128.9 265841.4 266052.8 
90 266210.9 266436.1 266234.5 266199.6 266323.3 266473.7 266211.9 266149 266217.6 
91 266633.9 266576.5 266547.6 266705.8 266691.6 266620.2 266637.7 266541.2 266682.7 
92 266230.5 266133.1 266254.7 266332.1 266207.2 266014.3 266273.8 266184.5 266185 
93 266150.4 265969.4 266224.7 266217.3 266279.8 266467.5 266081.7 265932.3 266166.5 
94 266627 266625.5 266818.2 266735.3 266561.1 266408.2 266710.7 266600.8 266635.2 
95 265804.5 265911.4 265887.4 265694.1 265787 265997.5 265836.8 265791.8 265795.9 
96 266032.5 266066.9 266009.1 266053.6 265958.3 266202.7 266118.5 266163.9 265996.8 
97 266023.6 266099.9 265947.9 265896.4 265928.5 265781.5 266031 265957.6 266021.5 
98 266436.3 266544.3 266509.3 266455.3 266461.3 266915.8 266472.4 266231.5 266396.6 
99 266666 266776.7 266655.8 266554.2 266557.1 266835.6 266756 266819.6 266667.8 
100 266231.9 266148.3 266208 266140 266126.3 266582.8 266221.1 266430 266227.6 
