1 193.131 282.123 256.542 277.57 255.905 
2 193.052 280.47 255.559 276.828 256.559 
3 195.279 280.034 254.525 277.725 253.27 
4 192.936 279.537 255.368 276.796 255.699 
5 194.98 278.06 254.988 276.222 253.72 
6 192.668 279.323 256.824 277.061 255.574 
7 192.217 279.722 255.559 277.154 256.123 
8 194.04 278.876 254.506 276.762 255.715 
9 193.476 280.1 256.477 280.337 256.506 
10 197.732 280.185 254.613 276.689 254.431 
11 193.263 280.049 255.451 277.66 257.119 
12 194.197 279.117 254.969 276.397 253.533 
13 193.524 279.625 254.727 277.065 255.963 
14 192.738 280.062 257.379 277.689 257.263 
15 195.172 279.872 254.583 276.267 256.925 
16 193.239 280.604 256.524 277.781 256.59 
17 196.158 279.266 254.637 277.322 254.289 
18 193.287 280.854 254.571 275.816 254.893 
19 193.249 280.229 254.769 276.754 256.312 
20 194.041 279.484 254.713 276.381 253.772 
21 193.816 279.877 255.237 277.724 255.934 
22 193.382 280.297 257.15 277.383 256.384 
23 195.82 279.209 255.21 277.023 255.593 
24 193.511 279.528 257.078 277.566 257.961 
25 192.943 279.512 254.679 276.667 253.975 
26 192.746 279.405 255.86 276.724 254.483 
27 192.573 278.959 255.963 276.248 253.643 
28 192.628 278.611 254.844 276.882 256.208 
29 192.669 281.208 256.156 277.996 254.355 
30 192.623 279.745 254.87 277.532 254.365 
31 193.992 280.966 256.784 277.239 255.85 
32 194.878 278.688 254.552 277.139 253.732 
33 193.107 279.684 254.525 277.161 255.784 
34 193.096 280.263 256.97 277.611 256.256 
35 194.184 279.65 254.349 277.623 254.521 
36 193.674 279.721 255.868 277.909 256.185 
37 193.537 279.759 255.668 276.596 253.873 
38 192.262 279.574 255.891 277.433 255.737 
39 193.724 278.921 255.89 277.044 256.136 
40 194.841 279.574 255.185 277.087 254.369 
41 199.638 279.732 255.698 277.394 254.022 
42 193.268 280.373 255.377 276.899 255.44 
43 194.236 279.484 255.734 276.513 256.184 
44 194.969 279.477 255.188 276.71 253.518 
45 193.278 280.096 254.764 277.274 254.892 
46 194.032 280.257 257.118 277.99 255.876 
47 194.137 278.942 254.878 277.611 255.418 
48 193.281 279.723 255.895 277.476 255.313 
49 204.991 278.737 254.552 275.725 253.98 
50 194.129 280.554 256.47 277.313 256.472 
51 195.337 280.056 255.61 278.446 256.961 
52 193.101 280.022 256.377 279.251 254.884 
53 195.287 279.73 256.33 288.556 268.344 
54 197.395 281.241 255.941 276.99 255.369 
55 192.762 279.652 257.09 276.907 256.322 
56 194.247 278.706 256.377 277.353 255.466 
57 193.431 280.615 260.552 280.479 254.342 
58 192.098 279.827 257.08 276.863 256.652 
59 193.222 279.68 257.189 277.364 257.043 
60 194.277 279.008 254.982 276.118 254.731 
61 194.013 279.86 255.845 277.178 256.329 
62 192.947 280.605 255.342 276.627 264.115 
63 197.627 287.131 266.375 299.447 267.873 
64 203.488 299.178 270.394 289.268 264.254 
65 201.298 286.771 259.533 283.042 257.026 
66 194.346 279.62 256.686 277.477 257.155 
67 203.343 314.082 270.997 290.214 262.433 
68 201.148 295.392 273.904 292.078 274.016 
69 206.969 295.22 270.535 301.464 273.028 
70 210.38 298.223 275.584 300.48 285.224 
71 212.354 302.568 270.707 294.5 271.447 
72 203.065 284.18 258.905 278.68 255.981 
73 196.027 281.064 258.306 277.689 257.837 
74 195.525 281.579 255.477 277.641 256.414 
75 193.63 280.779 256.144 277.626 257.461 
76 193.344 281.793 256.366 278.449 256.397 
77 192.967 281.77 257.631 278.19 254.885 
78 193.265 280.423 257.26 278.795 255.687 
79 193.753 282.555 256.094 279.028 254.698 
80 195.411 280.978 257.469 278.181 256.964 
81 192.861 283.952 256.1 277.687 257.106 
82 195.394 281.233 255.422 277.681 255.496 
83 193.602 281.009 257.274 278.261 255.189 
84 193.18 281.555 255.79 277.508 256.471 
85 193.757 280.369 255.978 277.839 258.871 
86 194.678 282.555 257.345 278.071 256.209 
87 194.591 280.689 256.055 278.316 255.402 
88 196.275 280.608 256.631 277.319 256.185 
89 193.054 279.741 256.846 277.951 254.951 
90 194.891 281.043 257.169 278.018 257.545 
91 195.616 280.605 255.997 277.616 255.177 
92 193.016 280.422 256.765 278.054 257.281 
93 193.869 282.983 257.064 278.049 256.835 
94 197.042 280.58 255.624 277.382 256.257 
95 193.538 281.092 257.412 279.161 257.398 
96 194.803 280.412 255.495 277.898 255.158 
97 192.997 281.386 256.352 279.267 258.026 
98 194.556 280.798 257.358 279.092 254.546 
99 192.633 280.688 255.738 278.398 255.022 
100 192.651 281.311 258.109 277.388 256.677 
