1 -101104967 -51570468 -95188506 -73664764 -98866890 -51525893 -95193412 -73696577 -98867325 
2 -101101888 -46020423 -95021330 -73316290 -99181609 -45912791 -94991155 -73329259 -99185647 
3 -101100823 -67260287 -94808846 -71522603 -98616824 -67319627 -94807186 -71528926 -98613237 
4 -101102464 -50249612 -94752249 -76408165 -98537754 -46833984 -94745331 -76258933 -98539923 
5 -101100669 -47102706 -95349664 -77058643 -99144157 -47146917 -95363465 -77037693 -99145260 
6 -101099891 -47560945 -94696155 -73479211 -98593662 -46000884 -94691839 -73433948 -98599133 
7 -101097571 -40321064 -94776352 -70350648 -98662317 -40357483 -94810637 -70695839 -98667152 
8 -101105752 -56729218 -95035540 -73752897 -98786117 -56645999 -95016626 -73683341 -98775236 
9 -101099002 -49122576 -94149336 -76306332 -98048379 -48419716 -94097720 -76674864 -98049288 
10 -101093928 -41020249 -93905585 -69723149 -98522901 -42257858 -93928288 -69597987 -98511214 
11 -101104627 -51050664 -94520543 -73698997 -98581624 -49411075 -94536784 -73932224 -98574721 
12 -101101981 -52607913 -94431362 -77726503 -98545035 -50778360 -94440893 -77821516 -98542677 
13 -101096243 -56108589 -94440143 -73404717 -98480657 -56210083 -94457061 -73403936 -98482366 
14 -101101495 -58833313 -95049711 -76102994 -98734078 -61770731 -95044090 -76197314 -98735262 
15 -101104520 -40790341 -96038150 -77860146 -99163382 -40551328 -96016764 -77870231 -99161149 
16 -101102597 -53427668 -95019380 -74195954 -98775227 -52710640 -95021697 -74171346 -98773556 
17 -101092289 -49519229 -94858729 -74650659 -98611777 -49505815 -94856970 -74685648 -98606337 
18 -101099557 -54284944 -94379612 -72088573 -98436014 -52479005 -94368979 -71932596 -98434069 
19 -101102285 -48144755 -94994695 -72938439 -98664644 -46752479 -94987045 -72981225 -98666861 
20 -101106747 -59441485 -95644256 -75394302 -98990388 -59122525 -95627516 -75399618 -98985797 
21 -101100657 -60724311 -94612664 -72829127 -98468899 -59424337 -94636305 -72866488 -98464006 
22 -101103356 -59122116 -95047787 -73661434 -98956433 -59373695 -95060348 -73828824 -98953201 
23 -101101751 -65404087 -94912839 -77887001 -98682922 -63397102 -94909121 -77920925 -98679099 
24 -101102694 -52447459 -95241851 -75632257 -98980801 -54089673 -95245793 -75680391 -98997187 
25 -101098875 -48908555 -94890988 -72578150 -98643383 -48658227 -94897849 -72548032 -98640927 
26 -101102761 -50124823 -95287405 -76458601 -98846884 -50586607 -95282653 -76631184 -98850379 
27 -101099864 -51740100 -94710838 -72103093 -98719996 -51513510 -94695087 -72492546 -98738592 
28 -101087827 -44077803 -93850163 -69399013 -98025345 -44336781 -93853239 -69261556 -98010124 
29 -101099494 -44359423 -95031256 -70606102 -98857956 -44368071 -95015547 -70667725 -98842036 
30 -101102300 -68720375 -94960943 -71319635 -98891191 -67537765 -94930733 -71658629 -98900249 
31 -101096225 -44200609 -94232885 -65760265 -98456972 -44268630 -94228999 -65794279 -98465762 
32 -101101516 -40861320 -95172931 -76198666 -99040330 -45342877 -95117363 -76264802 -99035701 
33 -101100747 -51295380 -94768917 -74318243 -98828441 -51834328 -94745416 -74145960 -98825195 
34 -101095781 -51373935 -94129783 -71096832 -98288008 -51896763 -94134272 -71098183 -98302937 
35 -101104966 -55993179 -94882670 -71408789 -98704261 -56013136 -94894689 -71133095 -98696921 
36 -101093972 -51800075 -94210777 -72030911 -98445764 -51393517 -94196004 -72038167 -98448773 
37 -101107763 -46017191 -95179709 -73644093 -98737436 -46049683 -95170111 -73957304 -98732922 
38 -101090914 -53167704 -93829169 -73758119 -98113100 -53540745 -93768431 -73797080 -98111670 
39 -101095471 -59695523 -94570521 -73320117 -98464711 -60789757 -94545077 -73648864 -98463948 
40 -101104124 -60224482 -94640139 -71089879 -98692877 -63252003 -94612455 -71105621 -98685534 
41 -101095759 -39727485 -95565526 -74126745 -99105765 -38289815 -95531563 -73709904 -99110474 
42 -101101802 -56254211 -94794232 -76082324 -98649116 -56353938 -94813107 -76087552 -98653176 
43 -101099150 -48809613 -94364390 -72384759 -98458629 -48159851 -94380633 -72091286 -98461855 
44 -101098269 -48102153 -94669176 -70347764 -98537895 -48039677 -94659908 -70369240 -98541427 
45 -101096751 -36614275 -94513787 -72681566 -98348297 -37330582 -94476903 -72622914 -98346215 
46 -101093881 -51050563 -94355378 -70148587 -98501893 -51104624 -94357060 -70116720 -98500135 
47 -101095253 -43158837 -95386974 -75229617 -99045749 -50022922 -95124690 -74660912 -99024242 
48 -101096393 -42260643 -94286599 -72180838 -98389274 -41769010 -94259407 -72159188 -98381355 
49 -101094646 -49351347 -94048728 -71875108 -97987548 -49471308 -94063116 -71909951 -97988846 
50 -101092400 -43939099 -94864412 -73483333 -98688421 -44913006 -94806725 -74638449 -98685991 
51 -101095444 -48304691 -95104123 -72999866 -98852681 -51261610 -95125823 -73110596 -98857481 
52 -101102236 -51485535 -94756462 -70375224 -98578553 -52457382 -94760035 -70416981 -98580225 
53 -101099236 -41977709 -94920400 -74840223 -98590288 -41711245 -94933894 -74861943 -98596173 
54 -101093877 -47955099 -95169868 -74940448 -98993434 -47305999 -95151160 -75090488 -98996344 
55 -101102838 -50407302 -95140998 -73359550 -98864270 -50471487 -95142857 -73571431 -98869391 
56 -101099735 -55810110 -94580279 -72035100 -98619772 -56400089 -94589321 -71995529 -98614386 
57 -101094876 -43785335 -94724662 -73771713 -98662748 -43913083 -94745355 -73809251 -98654805 
58 -101097438 -45487493 -94136517 -71948048 -98383480 -45546125 -94125353 -71968218 -98384632 
59 -101100401 -49035498 -94427125 -71910808 -98591664 -47036740 -94256717 -71033349 -98570661 
60 -101097100 -57100186 -94408512 -69136321 -98604852 -57492578 -94409418 -69496488 -98604335 
61 -101100892 -50583050 -95230366 -72428668 -98953302 -46175957 -95205150 -72576171 -98927152 
62 -101098190 -38622269 -94846247 -70582201 -98963626 -38971602 -94828917 -70265098 -98955835 
63 -101104689 -52121592 -94269751 -70518368 -98469797 -52036738 -94258707 -70544002 -98471221 
64 -101100705 -44329416 -94732247 -72906468 -98390199 -51043074 -94657637 -72886911 -98381624 
65 -101102361 -39660078 -95282945 -74929342 -99015296 -41873161 -95302344 -74929512 -99014785 
66 -101102797 -46394167 -94688928 -74037655 -98471773 -46420614 -94671166 -74013206 -98473954 
67 -101103085 -56971536 -94684593 -72138372 -98712512 -56670051 -94664591 -72056065 -98706395 
68 -101097102 -48178591 -94612765 -74026197 -98669822 -47728256 -94713524 -74215660 -98654379 
69 -101094544 -50027267 -94745086 -72726686 -98663857 -50792958 -94758338 -72738819 -98663340 
70 -101098297 -55191359 -94557458 -71899865 -98598149 -56062302 -94545742 -72191701 -98606589 
71 -101103768 -43626515 -95098088 -73002345 -98727945 -43326015 -95064895 -73043133 -98723747 
72 -101100024 -55755530 -95248441 -73195928 -98942158 -55869436 -95264467 -73259767 -98938926 
73 -101101015 -54256212 -94769793 -74185424 -98790017 -54552493 -94767598 -74266364 -98792958 
74 -101095541 -51676682 -94426611 -69038030 -98476243 -52914194 -94369296 -68887807 -98471007 
75 -101102971 -55874981 -94923202 -78555438 -98610958 -55467932 -94939695 -78555201 -98610210 
76 -101102627 -56337154 -94601417 -71971775 -98484795 -55186451 -94607229 -72039768 -98493094 
77 -101103104 -46072232 -95007870 -72024336 -98729842 -55574333 -94899527 -71893671 -98731377 
78 -101096102 -54075300 -95281441 -77789950 -98888462 -58254201 -95281114 -77843202 -98889243 
79 -101104171 -42573822 -95508139 -79437206 -98888904 -40865389 -95407157 -79467780 -98880811 
80 -101099106 -40111942 -95300453 -76481447 -98805318 -40244658 -95316069 -76309541 -98796892 
81 -101101780 -52007386 -95164306 -72209683 -98915101 -48775470 -95155954 -72183737 -98915662 
82 -101100646 -37280724 -94891221 -70508027 -98734123 -35646408 -94907145 -72399107 -98752049 
83 -101094973 -50394683 -94121049 -72062020 -98448925 -48392031 -94098088 -71804509 -98453426 
84 -101096598 -38929419 -94824005 -69157455 -98667387 -38765052 -94809024 -69090263 -98665934 
85 -101105225 -54291809 -94715694 -70386515 -98573143 -47784708 -94749705 -70390949 -98570477 
86 -101102077 -51277981 -95066821 -76049715 -98925248 -51841295 -95055979 -76022272 -98926464 
87 -101102453 -36896199 -94898275 -71932601 -98616490 -36682785 -94883069 -72020332 -98623755 
88 -101100139 -44982791 -95365552 -74218978 -98945764 -45004643 -95359508 -74186737 -98942296 
89 -101094888 -50824128 -94568890 -73691883 -98441688 -50205299 -94555367 -73691143 -98435080 
90 -101090286 -46248477 -94247392 -72900543 -98187418 -46640949 -94248589 -72892794 -98180923 
91 -101101200 -47847851 -95294036 -72902174 -98945514 -44625392 -95302279 -72904547 -98942868 
92 -101108277 -47616906 -95999107 -75797922 -99500768 -48839866 -95988272 -75777947 -99508957 
93 -101096552 -41457853 -94334092 -75771657 -98357824 -52738476 -94328054 -75796221 -98359899 
94 -101101869 -29562351 -94805320 -72903930 -98747134 -29990480 -94821513 -73050721 -98746297 
95 -101103911 -48204369 -95166679 -70791481 -98968469 -47678953 -95197893 -70776135 -98966305 
96 -101107014 -56733507 -94982419 -71388678 -98774073 -57067555 -94982781 -71415661 -98779897 
97 -101097116 -50035510 -94276030 -69252237 -98508527 -47009526 -94295911 -67713084 -98520768 
98 -101099444 -46509707 -94771020 -73819853 -98460112 -46418310 -94787794 -73815346 -98454231 
99 -101095320 -46962881 -94207888 -71393251 -98481725 -47325723 -94181032 -71355107 -98478094 
100 -101089570 -46330630 -94614861 -72709753 -98380060 -46722782 -94630347 -72757111 -98380901 
