1 0.2926959 0.2882722 0.2906046 0.2902011 0.2913812 0.2862175 0.2884949 0.2910396 0.2920612 
2 0.2504213 0.250339 0.2504814 0.2504804 0.2503108 0.2493332 0.2503929 0.2504832 0.2503956 
3 0.3294576 0.3168811 0.3250009 0.3249479 0.328468 0.3181174 0.3255769 0.3268006 0.3297539 
4 0.3438926 0.2838565 0.3061472 0.3037858 0.3243451 0.2864693 0.3098599 0.3017821 0.3218187 
5 0.430707 0.528895 0.52022 0.5200319 0.4614293 0.5316354 0.5171866 0.5196202 0.4622145 
6 0.3225866 0.3018494 0.3162523 0.315864 0.3215799 0.3010919 0.3170429 0.3136756 0.3212474 
7 0.3152949 0.2893423 0.2931763 0.2884523 0.3059177 0.291642 0.2922659 0.2881774 0.3050018 
8 0.3755196 0.3359337 0.3841921 0.3827068 0.3826473 0.3359457 0.3833834 0.3816469 0.3817469 
9 0.2448514 0.323175 0.3085485 0.3123163 0.2877668 0.3225947 0.3052033 0.311569 0.2886538 
10 0.1310712 0.2026894 0.1690016 0.1765292 0.1525583 0.2039719 0.1677467 0.173757 0.1518006 
11 0.3859561 0.3911872 0.3921086 0.3905732 0.3910308 0.3876532 0.3895428 0.3898923 0.3908896 
12 0.2849983 0.2995505 0.2974067 0.29677 0.2914656 0.299041 0.2966908 0.296505 0.2907925 
13 0.137453 0.2274583 0.1819642 0.1920619 0.1608779 0.2298315 0.1854306 0.1921881 0.1606703 
14 0.310228 0.334463 0.3193 0.3200083 0.3124837 0.335283 0.3208702 0.3208927 0.3136486 
15 0.353902 0.3361726 0.3500488 0.3487917 0.3535887 0.3380113 0.3501351 0.3489152 0.353315 
16 0.247186 0.2287099 0.2372987 0.2374182 0.2414075 0.2334394 0.2402462 0.2375099 0.2421613 
17 0.3878035 0.3410069 0.3573032 0.3575248 0.3736341 0.3417549 0.3596932 0.3565525 0.371561 
18 0.4003095 0.4000107 0.3946949 0.3913327 0.4065202 0.3925961 0.3909639 0.3917756 0.4064919 
19 0.3409205 0.34782 0.3496894 0.3461207 0.3418073 0.3573988 0.3501379 0.3479332 0.3428243 
20 0.2116748 0.2520394 0.229561 0.2327565 0.2191271 0.2514927 0.2292046 0.2313424 0.2185692 
21 0.4442818 0.4495393 0.4525237 0.4527647 0.4523383 0.4529739 0.4549644 0.4530396 0.4510961 
22 0.462664 0.3475537 0.3572206 0.3520601 0.3880942 0.3448902 0.3547064 0.3549303 0.4023913 
23 0.4113965 0.4162584 0.414869 0.4149038 0.413377 0.4164998 0.4147478 0.4154865 0.4134681 
24 0.441398 0.4617923 0.4605703 0.4640113 0.4701018 0.461946 0.462327 0.4612958 0.4569512 
25 0.3226927 0.3247257 0.3249542 0.3248143 0.3245804 0.3246658 0.3249076 0.3249687 0.3247484 
26 0.3622572 0.3487519 0.3546087 0.3554093 0.363378 0.3484007 0.3552616 0.3534996 0.3619247 
27 0.3616516 0.3641935 0.3620985 0.3625761 0.3625815 0.3634776 0.3622962 0.3622865 0.3620514 
28 0.2811731 0.3033633 0.2968629 0.292013 0.2846654 0.2983388 0.2915034 0.2895482 0.2832625 
29 0.3162401 0.3163444 0.3162009 0.3162406 0.3164467 0.3163572 0.3167503 0.316323 0.3165189 
30 0.2859478 0.3036813 0.2933716 0.296501 0.2891512 0.30488 0.2948628 0.2953981 0.2879274 
31 0.2260245 0.271437 0.2582062 0.2655477 0.2500249 0.2783798 0.2632743 0.258086 0.2436568 
32 0.388354 0.447774 0.4367363 0.42644 0.4089063 0.4447377 0.4373129 0.4341705 0.4165276 
33 0.3562091 0.3704585 0.3609095 0.3590439 0.3619014 0.3692812 0.3613064 0.3575398 0.3607028 
34 0.2895652 0.3029826 0.3062279 0.3047254 0.3012863 0.3000014 0.3036134 0.3067433 0.3038001 
35 0.2985113 0.3451257 0.346146 0.3501814 0.3334723 0.3451265 0.3356067 0.3539948 0.3362195 
36 0.4319691 0.4498139 0.437103 0.4429169 0.4162211 0.4480165 0.4392518 0.4405305 0.4158673 
37 0.4280881 0.3934811 0.4155727 0.4113389 0.4235773 0.3861869 0.4123306 0.4111886 0.4232594 
38 0.3009763 0.2774368 0.2962139 0.2968392 0.3058365 0.2825573 0.3015015 0.2981522 0.3069245 
39 0.3656973 0.3713918 0.3607365 0.360908 0.3621141 0.3717333 0.3611832 0.3605256 0.3622075 
40 0.3623304 0.3858666 0.3668411 0.3715916 0.3614901 0.3865773 0.3671442 0.3706796 0.3604349 
41 0.223114 0.2042378 0.2213503 0.2200246 0.2230222 0.2020056 0.2208016 0.219013 0.2229284 
42 0.3287631 0.3153227 0.3130702 0.3170608 0.3119248 0.3128844 0.3111275 0.3166012 0.3139475 
43 0.3999179 0.3683792 0.3947503 0.3904087 0.3976801 0.364521 0.3917227 0.3914844 0.3979819 
44 0.2592052 0.2578022 0.26031 0.2583639 0.2572596 0.2588414 0.2599835 0.2599388 0.2591596 
45 0.2934853 0.2959586 0.2926676 0.2924285 0.2931862 0.2988327 0.2941918 0.2938842 0.293062 
46 0.321503 0.313694 0.3270008 0.3427885 0.35203 0.3280435 0.3360577 0.3431221 0.3524875 
47 0.23348 0.2320098 0.2328034 0.2342246 0.2363223 0.2311009 0.2346125 0.2343794 0.2352169 
48 0.3339511 0.3667725 0.3609747 0.3580602 0.3481623 0.35911 0.3506271 0.3632453 0.3535495 
49 0.2623487 0.2885527 0.2699109 0.2738587 0.2654904 0.2923322 0.2723461 0.2739416 0.2663412 
50 0.3358411 0.3784705 0.3485831 0.3533618 0.3495401 0.3850093 0.3569525 0.3567983 0.3511232 
51 0.3946304 0.3846138 0.3891336 0.3852805 0.3919872 0.3859571 0.3860757 0.3879042 0.3965022 
52 0.4079427 0.3670072 0.3980321 0.3836932 0.4096153 0.3658879 0.3949506 0.3887103 0.4115451 
53 0.3815073 0.3722658 0.3802478 0.3901079 0.3923352 0.3830048 0.3938122 0.3814095 0.3783675 
54 0.3272721 0.3320471 0.3321103 0.3294723 0.3289884 0.3317593 0.3320159 0.3308956 0.3303801 
55 0.2284454 0.2235022 0.2253166 0.223363 0.2250178 0.2223773 0.2231201 0.2260012 0.2286428 
56 0.2244637 0.2717235 0.2394699 0.2451861 0.2285437 0.2753229 0.2431495 0.2458286 0.2285042 
57 0.3695252 0.3170368 0.3172374 0.3166362 0.3333587 0.3170292 0.3148554 0.3179058 0.3423942 
58 0.1785917 0.2011629 0.1955874 0.1937514 0.1878562 0.2000556 0.1945872 0.1975174 0.1918375 
59 0.2943805 0.2516744 0.2560779 0.2581604 0.2671553 0.2535527 0.2587451 0.2582938 0.26704 
60 0.3007474 0.3047405 0.3049529 0.3052046 0.3042365 0.3048892 0.3049857 0.3051513 0.3041044 
61 0.4271722 0.4261418 0.4374585 0.4367163 0.4346933 0.4226109 0.4341916 0.4370695 0.4353107 
62 0.179092 0.2639825 0.2353817 0.2416547 0.2025883 0.2699091 0.2414044 0.2469799 0.206603 
63 0.3300753 0.3823642 0.3542569 0.3513509 0.3373425 0.3830024 0.3548685 0.3527103 0.3381862 
64 0.2424244 0.2551754 0.2443089 0.244837 0.2444119 0.2535203 0.243325 0.2444874 0.2448203 
65 0.290318 0.2822983 0.2854179 0.2865145 0.2885057 0.2829429 0.2857567 0.28459 0.2861672 
66 0.3709231 0.3815806 0.3792971 0.3785855 0.3804262 0.3881888 0.3882887 0.3791131 0.3813153 
67 0.2953836 0.2651053 0.2704374 0.2690529 0.2748693 0.265379 0.271456 0.2730483 0.2799286 
68 0.08473711 0.1115661 0.1025872 0.1042956 0.09627152 0.1117392 0.1028137 0.1040025 0.0960243 
69 0.3150393 0.3273138 0.3183906 0.3219685 0.3174091 0.3305171 0.3220653 0.3220979 0.3164189 
70 0.2918533 0.3032919 0.2997488 0.2993541 0.2938273 0.3094516 0.3042257 0.3016414 0.2994904 
71 0.3200499 0.337167 0.3322631 0.3327348 0.3271869 0.3367628 0.3318817 0.3330902 0.3276847 
72 0.343362 0.3672698 0.3592053 0.3619947 0.3547447 0.3655153 0.3570163 0.3606548 0.3533527 
73 0.1736169 0.2598261 0.2095883 0.2210898 0.1921298 0.2307264 0.1853129 0.2084748 0.1787088 
74 0.3614943 0.3518846 0.3542579 0.3517175 0.3567776 0.3489462 0.350207 0.3545784 0.3591027 
75 0.3267471 0.3367835 0.3484611 0.3493944 0.3455967 0.3520868 0.3568223 0.3504029 0.346387 
76 0.3199881 0.2736783 0.3223921 0.3205878 0.3319259 0.2846694 0.3228312 0.3220911 0.3320548 
77 0.2526386 0.229957 0.2350099 0.2312586 0.2408853 0.2264206 0.2294994 0.2303189 0.2398411 
78 0.2962677 0.293724 0.2936734 0.2917989 0.2958263 0.2965959 0.2929731 0.291566 0.2954849 
79 0.3586366 0.3304038 0.3426686 0.3432881 0.3525322 0.3310236 0.3438983 0.3413242 0.3508911 
80 0.4235356 0.3874366 0.4057237 0.4067495 0.4166286 0.4429407 0.4302395 0.4045866 0.4140533 
81 0.3688097 0.3719628 0.3758693 0.372708 0.3715564 0.3751779 0.3794719 0.3722821 0.3711903 
82 0.3291093 0.3553668 0.3578559 0.3596141 0.353889 0.3561366 0.3584078 0.3561123 0.3518688 
83 0.236748 0.2341214 0.2328219 0.2344515 0.234679 0.2350065 0.2322711 0.2334343 0.2315531 
84 0.2438926 0.2574726 0.2493948 0.2504585 0.2458191 0.2587957 0.2504725 0.2498034 0.2454068 
85 0.3827152 0.3281177 0.3569582 0.3602786 0.3743904 0.3238796 0.3526885 0.3573596 0.3714165 
86 0.2333998 0.2262631 0.2311204 0.2284845 0.2320568 0.2262711 0.2312745 0.227597 0.2317156 
87 0.3464185 0.3359662 0.3402902 0.3398641 0.3434093 0.3359706 0.3408584 0.3396231 0.3432143 
88 0.3326185 0.3163026 0.3279466 0.3272886 0.3290285 0.3149795 0.3277862 0.327609 0.3287832 
89 0.2695555 0.3707998 0.335467 0.3365678 0.3115123 0.3649634 0.3312731 0.338537 0.3124942 
90 0.4832632 0.4729316 0.4811392 0.4808504 0.4824652 0.4748408 0.4802856 0.4807571 0.4821794 
91 0.2458227 0.2485968 0.2487217 0.2498509 0.252767 0.2495414 0.2486902 0.2485361 0.2519354 
92 0.2853528 0.2841034 0.2879184 0.2862973 0.2887501 0.2762241 0.2832686 0.2828321 0.2848572 
93 0.296249 0.3039634 0.2983561 0.2985649 0.295942 0.301411 0.2962886 0.2964113 0.2948696 
94 0.3650775 0.3557446 0.360895 0.3594445 0.3622019 0.3535642 0.3594468 0.3592789 0.3620731 
95 0.2556881 0.2724 0.2726371 0.2673347 0.2643193 0.2764661 0.273588 0.2749685 0.263187 
96 0.3458643 0.32231 0.3434978 0.3413194 0.3517541 0.3253085 0.3451037 0.3394418 0.3465282 
97 0.3485557 0.3280883 0.3397767 0.337875 0.3444322 0.3284324 0.3391047 0.3390024 0.3451515 
98 0.350004 0.3476004 0.3432842 0.3429344 0.3484511 0.3439472 0.3432207 0.3419665 0.3491412 
99 0.2433969 0.3004117 0.2802872 0.2815764 0.2692414 0.2968301 0.2789962 0.2817675 0.2681481 
100 0.3136562 0.3290995 0.3160338 0.3156611 0.3148534 0.3243844 0.3125601 0.313599 0.313416 
