14 NA NA NA NA NA NA NA NA NA 
14 NA NA NA NA NA NA NA NA NA 
14 NA NA NA NA NA NA NA NA NA 
14 NA NA NA NA NA NA NA NA NA 
14 NA NA NA NA NA NA NA NA NA 
14 NA NA NA NA NA NA NA NA NA 
14 NA NA NA NA NA NA NA NA NA 
14 NA NA NA NA NA NA NA NA NA 
14 NA NA NA NA NA NA NA NA NA 
14 NA NA NA NA NA NA NA NA NA 
14 NA NA NA NA NA NA NA NA NA 
14 NA NA NA NA NA NA NA NA NA 
14 NA NA NA NA NA NA NA NA NA 
14 -74239624 -74239625 -74239625 -74239625 -74239625 -74239626 -74239624 -74239627 -74239625 
14 -74239624 -74239625 -74239625 -74239625 -74239625 -74239626 -74239624 -74239627 -74239625 
14 -74239624 -74239625 -74239625 -74239625 -74239625 -74239626 -74239624 -74239627 -74239625 
14 -74239624 -74239625 -74239625 -74239625 -74239625 -74239626 -74239624 -74239627 -74239625 
14 -74239624 -74239625 -74239625 -74239625 -74239625 -74239626 -74239624 -74239627 -74239625 
14 -74239624 -74239625 -74239625 -74239625 -74239625 -74239626 -74239624 -74239627 -74239625 
14 -74239624 -74239625 -74239625 -74239625 -74239625 -74239626 -74239624 -74239627 -74239625 
14 -74239624 -74239625 -74239625 -74239625 -74239625 -74239626 -74239624 -74239627 -74239625 
14 -74239624 -74239625 -74239625 -74239625 -74239625 -74239626 -74239624 -74239627 -74239625 
14 -74239624 -74239625 -74239625 -74239625 -74239625 -74239626 -74239624 -74239627 -74239625 
14 -74239624 -74239625 -74239625 -74239625 -74239625 -74239626 -74239624 -74239627 -74239625 
14 -74239624 -74239625 -74239625 -74239625 -74239625 -74239626 -74239624 -74239627 -74239625 
14 -74239624 -74239625 -74239625 -74239625 -74239625 -74239626 -74239624 -74239627 -74239625 
14 -74239624 -74239625 -74239625 -74239625 -74239625 -74239626 -74239624 -74239627 -74239625 
14 -74239624 -74239625 -74239625 -74239625 -74239625 -74239626 -74239624 -74239627 -74239625 
14 -74239624 -74239625 -74239625 -74239625 -74239625 -74239626 -74239624 -74239627 -74239625 
14 -74239624 -74239625 -74239625 -74239625 -74239625 -74239626 -74239624 -74239627 -74239625 
14 -74239624 -74239625 -74239625 -74239625 -74239625 -74239626 -74239624 -74239627 -74239625 
14 -74239624 -74239625 -74239625 -74239625 -74239625 -74239626 -74239624 -74239627 -74239625 
14 -74239624 -74239625 -74239625 -74239625 -74239625 -74239626 -74239624 -74239627 -74239625 
14 -74239624 -74239625 -74239625 -74239625 -74239625 -74239626 -74239624 -74239627 -74239625 
14 -74239624 -74239625 -74239625 -74239625 -74239625 -74239626 -74239624 -74239627 -74239625 
14 -74239624 -74239625 -74239625 -74239625 -74239625 -74239626 -74239624 -74239627 -74239625 
14 -74239624 -74239625 -74239625 -74239625 -74239625 -74239626 -74239624 -74239627 -74239625 
14 -74239624 -74239625 -74239625 -74239625 -74239625 -74239626 -74239624 -74239627 -74239625 
14 -74239624 -74239625 -74239625 -74239625 -74239625 -74239626 -74239624 -74239627 -74239625 
14 -74239624 -74239625 -74239625 -74239625 -74239625 -74239626 -74239624 -74239627 -74239625 
14 -74239624 -74239625 -74239625 -74239625 -74239625 -74239626 -74239624 -74239627 -74239625 
14 -74239624 -74239625 -74239625 -74239625 -74239625 -74239626 -74239624 -74239627 -74239625 
14 -74239624 -74239625 -74239625 -74239625 -74239625 -74239626 -74239624 -74239627 -74239625 
14 -74239624 -74239625 -74239625 -74239625 -74239625 -74239626 -74239624 -74239627 -74239625 
14 -74239624 -74239625 -74239625 -74239625 -74239625 -74239626 -74239624 -74239627 -74239625 
14 -74239624 -74239625 -74239625 -74239625 -74239625 -74239626 -74239624 -74239627 -74239625 
14 -74239624 -74239625 -74239625 -74239625 -74239625 -74239626 -74239624 -74239627 -74239625 
14 -74239624 -74239625 -74239625 -74239625 -74239625 -74239626 -74239624 -74239627 -74239625 
14 -74239624 -74239625 -74239625 -74239625 -74239625 -74239626 -74239624 -74239627 -74239625 
14 -74239624 -74239625 -74239625 -74239625 -74239625 -74239626 -74239624 -74239627 -74239625 
14 -74239624 -74239625 -74239625 -74239625 -74239625 -74239626 -74239624 -74239627 -74239625 
14 -74239624 -74239625 -74239625 -74239625 -74239625 -74239626 -74239624 -74239627 -74239625 
14 -74239624 -74239625 -74239625 -74239625 -74239625 -74239626 -74239624 -74239627 -74239625 
14 -74239624 -74239625 -74239625 -74239625 -74239625 -74239626 -74239624 -74239627 -74239625 
14 -74239624 -74239625 -74239625 -74239625 -74239625 -74239626 -74239624 -74239627 -74239625 
14 -74239624 -74239625 -74239625 -74239625 -74239625 -74239626 -74239624 -74239627 -74239625 
14 -74239624 -74239625 -74239625 -74239625 -74239625 -74239626 -74239624 -74239627 -74239625 
14 -74239624 -74239625 -74239625 -74239625 -74239625 -74239626 -74239624 -74239627 -74239625 
14 -74239624 -74239625 -74239625 -74239625 -74239625 -74239626 -74239624 -74239627 -74239625 
14 -74239624 -74239625 -74239625 -74239625 -74239625 -74239626 -74239624 -74239627 -74239625 
14 -74239624 -74239625 -74239625 -74239625 -74239625 -74239626 -74239624 -74239627 -74239625 
14 -74239624 -74239625 -74239625 -74239625 -74239625 -74239626 -74239624 -74239627 -74239625 
14 -74239624 -74239625 -74239625 -74239625 -74239625 -74239626 -74239624 -74239627 -74239625 
14 -74239624 -74239625 -74239625 -74239625 -74239625 -74239626 -74239624 -74239627 -74239625 
14 -74239624 -74239625 -74239625 -74239625 -74239625 -74239626 -74239624 -74239627 -74239625 
14 -74239624 -74239625 -74239625 -74239625 -74239625 -74239626 -74239624 -74239627 -74239625 
14 -74239624 -74239625 -74239625 -74239625 -74239625 -74239626 -74239624 -74239627 -74239625 
14 -74239624 -74239625 -74239625 -74239625 -74239625 -74239626 -74239624 -74239627 -74239625 
14 -74239624 -74239625 -74239625 -74239625 -74239625 -74239626 -74239624 -74239627 -74239625 
14 -74239624 -74239625 -74239625 -74239625 -74239625 -74239626 -74239624 -74239627 -74239625 
14 -74239624 -74239625 -74239625 -74239625 -74239625 -74239626 -74239624 -74239627 -74239625 
14 -74239624 -74239625 -74239625 -74239625 -74239625 -74239626 -74239624 -74239627 -74239625 
14 -74239624 -74239625 -74239625 -74239625 -74239625 -74239626 -74239624 -74239627 -74239625 
14 -74239624 -74239625 -74239625 -74239625 -74239625 -74239626 -74239624 -74239627 -74239625 
14 -74239624 -74239625 -74239625 -74239625 -74239625 -74239626 -74239624 -74239627 -74239625 
14 -74239624 -74239625 -74239625 -74239625 -74239625 -74239626 -74239624 -74239627 -74239625 
14 -74239624 -74239625 -74239625 -74239625 -74239625 -74239626 -74239624 -74239627 -74239625 
14 -74239624 -74239625 -74239625 -74239625 -74239625 -74239626 -74239624 -74239627 -74239625 
14 -74239624 -74239625 -74239625 -74239625 -74239625 -74239626 -74239624 -74239627 -74239625 
14 -74239624 -74239625 -74239625 -74239625 -74239625 -74239626 -74239624 -74239627 -74239625 
14 -74239624 -74239625 -74239625 -74239625 -74239625 -74239626 -74239624 -74239627 -74239625 
14 -74239624 -74239625 -74239625 -74239625 -74239625 -74239626 -74239624 -74239627 -74239625 
14 -74239624 -74239625 -74239625 -74239625 -74239625 -74239626 -74239624 -74239627 -74239625 
14 -74239624 -74239625 -74239625 -74239625 -74239625 -74239626 -74239624 -74239627 -74239625 
14 -74239624 -74239625 -74239625 -74239625 -74239625 -74239626 -74239624 -74239627 -74239625 
14 -74239624 -74239625 -74239625 -74239625 -74239625 -74239626 -74239624 -74239627 -74239625 
14 -74239624 -74239625 -74239625 -74239625 -74239625 -74239626 -74239624 -74239627 -74239625 
14 -74239624 -74239625 -74239625 -74239625 -74239625 -74239626 -74239624 -74239627 -74239625 
14 -74239624 -74239625 -74239625 -74239625 -74239625 -74239626 -74239624 -74239627 -74239625 
14 -74239624 -74239625 -74239625 -74239625 -74239625 -74239626 -74239624 -74239627 -74239625 
14 -74239624 -74239625 -74239625 -74239625 -74239625 -74239626 -74239624 -74239627 -74239625 
14 -74239624 -74239625 -74239625 -74239625 -74239625 -74239626 -74239624 -74239627 -74239625 
14 -74239624 -74239625 -74239625 -74239625 -74239625 -74239626 -74239624 -74239627 -74239625 
14 -74239624 -74239625 -74239625 -74239625 -74239625 -74239626 -74239624 -74239627 -74239625 
14 -74239624 -74239625 -74239625 -74239625 -74239625 -74239626 -74239624 -74239627 -74239625 
14 -74239624 -74239625 -74239625 -74239625 -74239625 -74239626 -74239624 -74239627 -74239625 
14 -74239624 -74239625 -74239625 -74239625 -74239625 -74239626 -74239624 -74239627 -74239625 
14 -74239624 -74239625 -74239625 -74239625 -74239625 -74239626 -74239624 -74239627 -74239625 
14 -74239624 -74239625 -74239625 -74239625 -74239625 -74239626 -74239624 -74239627 -74239625 
14 -74239624 -74239625 -74239625 -74239625 -74239625 -74239626 -74239624 -74239627 -74239625 
