14 NA NA NA NA NA NA NA NA NA 
14 NA NA NA NA NA NA NA NA NA 
14 NA NA NA NA NA NA NA NA NA 
14 NA NA NA NA NA NA NA NA NA 
14 NA NA NA NA NA NA NA NA NA 
14 NA NA NA NA NA NA NA NA NA 
14 NA NA NA NA NA NA NA NA NA 
14 NA NA NA NA NA NA NA NA NA 
14 NA NA NA NA NA NA NA NA NA 
14 NA NA NA NA NA NA NA NA NA 
14 NA NA NA NA NA NA NA NA NA 
14 NA NA NA NA NA NA NA NA NA 
14 NA NA NA NA NA NA NA NA NA 
14 -7423713 -7423714 -7423713 -7423715 -7423713 -7423714 -7423713 -7423714 -7423713 
14 -7423713 -7423714 -7423713 -7423715 -7423713 -7423714 -7423713 -7423714 -7423713 
14 -7423713 -7423714 -7423713 -7423715 -7423713 -7423714 -7423713 -7423714 -7423713 
14 -7423713 -7423714 -7423713 -7423715 -7423713 -7423714 -7423713 -7423714 -7423713 
14 -7423713 -7423714 -7423713 -7423715 -7423713 -7423714 -7423713 -7423714 -7423713 
14 -7423713 -7423714 -7423713 -7423715 -7423713 -7423714 -7423713 -7423714 -7423713 
14 -7423713 -7423714 -7423713 -7423715 -7423713 -7423714 -7423713 -7423714 -7423713 
14 -7423713 -7423714 -7423713 -7423715 -7423713 -7423714 -7423713 -7423714 -7423713 
14 -7423713 -7423714 -7423713 -7423715 -7423713 -7423714 -7423713 -7423714 -7423713 
14 -7423713 -7423714 -7423713 -7423715 -7423713 -7423714 -7423713 -7423714 -7423713 
14 -7423713 -7423714 -7423713 -7423715 -7423713 -7423714 -7423713 -7423714 -7423713 
14 -7423713 -7423714 -7423713 -7423715 -7423713 -7423714 -7423713 -7423714 -7423713 
14 -7423713 -7423714 -7423713 -7423715 -7423713 -7423714 -7423713 -7423714 -7423713 
14 -7423713 -7423714 -7423713 -7423715 -7423713 -7423714 -7423713 -7423714 -7423713 
14 -7423713 -7423714 -7423713 -7423715 -7423713 -7423714 -7423713 -7423714 -7423713 
14 -7423713 -7423714 -7423713 -7423715 -7423713 -7423714 -7423713 -7423714 -7423713 
14 -7423713 -7423714 -7423713 -7423715 -7423713 -7423714 -7423713 -7423714 -7423713 
14 -7423713 -7423714 -7423713 -7423715 -7423713 -7423714 -7423713 -7423714 -7423713 
14 -7423713 -7423714 -7423713 -7423715 -7423713 -7423714 -7423713 -7423714 -7423713 
14 -7423713 -7423714 -7423713 -7423715 -7423713 -7423714 -7423713 -7423714 -7423713 
14 -7423713 -7423714 -7423713 -7423715 -7423713 -7423714 -7423713 -7423714 -7423713 
14 -7423713 -7423714 -7423713 -7423715 -7423713 -7423714 -7423713 -7423714 -7423713 
14 -7423713 -7423714 -7423713 -7423715 -7423713 -7423714 -7423713 -7423714 -7423713 
14 -7423713 -7423714 -7423713 -7423715 -7423713 -7423714 -7423713 -7423714 -7423713 
14 -7423713 -7423714 -7423713 -7423715 -7423713 -7423714 -7423713 -7423714 -7423713 
14 -7423713 -7423714 -7423713 -7423715 -7423713 -7423714 -7423713 -7423714 -7423713 
14 -7423713 -7423714 -7423713 -7423715 -7423713 -7423714 -7423713 -7423714 -7423713 
14 -7423713 -7423714 -7423713 -7423715 -7423713 -7423714 -7423713 -7423714 -7423713 
14 -7423713 -7423714 -7423713 -7423715 -7423713 -7423714 -7423713 -7423714 -7423713 
14 -7423713 -7423714 -7423713 -7423715 -7423713 -7423714 -7423713 -7423714 -7423713 
14 -7423713 -7423714 -7423713 -7423715 -7423713 -7423714 -7423713 -7423714 -7423713 
14 -7423713 -7423714 -7423713 -7423715 -7423713 -7423714 -7423713 -7423714 -7423713 
14 -7423713 -7423714 -7423713 -7423715 -7423713 -7423714 -7423713 -7423714 -7423713 
14 -7423713 -7423714 -7423713 -7423715 -7423713 -7423714 -7423713 -7423714 -7423713 
14 -7423713 -7423714 -7423713 -7423715 -7423713 -7423714 -7423713 -7423714 -7423713 
14 -7423713 -7423714 -7423713 -7423715 -7423713 -7423714 -7423713 -7423714 -7423713 
14 -7423713 -7423714 -7423713 -7423715 -7423713 -7423714 -7423713 -7423714 -7423713 
14 -7423713 -7423714 -7423713 -7423715 -7423713 -7423714 -7423713 -7423714 -7423713 
14 -7423713 -7423714 -7423713 -7423715 -7423713 -7423714 -7423713 -7423714 -7423713 
14 -7423713 -7423714 -7423713 -7423715 -7423713 -7423714 -7423713 -7423714 -7423713 
14 -7423713 -7423714 -7423713 -7423715 -7423713 -7423714 -7423713 -7423714 -7423713 
14 -7423713 -7423714 -7423713 -7423715 -7423713 -7423714 -7423713 -7423714 -7423713 
14 -7423713 -7423714 -7423713 -7423715 -7423713 -7423714 -7423713 -7423714 -7423713 
14 -7423713 -7423714 -7423713 -7423715 -7423713 -7423714 -7423713 -7423714 -7423713 
14 -7423713 -7423714 -7423713 -7423715 -7423713 -7423714 -7423713 -7423714 -7423713 
14 -7423713 -7423714 -7423713 -7423715 -7423713 -7423714 -7423713 -7423714 -7423713 
14 -7423713 -7423714 -7423713 -7423715 -7423713 -7423714 -7423713 -7423714 -7423713 
14 -7423713 -7423714 -7423713 -7423715 -7423713 -7423714 -7423713 -7423714 -7423713 
14 -7423713 -7423714 -7423713 -7423715 -7423713 -7423714 -7423713 -7423714 -7423713 
14 -7423713 -7423714 -7423713 -7423715 -7423713 -7423714 -7423713 -7423714 -7423713 
14 -7423713 -7423714 -7423713 -7423715 -7423713 -7423714 -7423713 -7423714 -7423713 
14 -7423713 -7423714 -7423713 -7423715 -7423713 -7423714 -7423713 -7423714 -7423713 
14 -7423713 -7423714 -7423713 -7423715 -7423713 -7423714 -7423713 -7423714 -7423713 
14 -7423713 -7423714 -7423713 -7423715 -7423713 -7423714 -7423713 -7423714 -7423713 
14 -7423713 -7423714 -7423713 -7423715 -7423713 -7423714 -7423713 -7423714 -7423713 
14 -7423713 -7423714 -7423713 -7423715 -7423713 -7423714 -7423713 -7423714 -7423713 
14 -7423713 -7423714 -7423713 -7423715 -7423713 -7423714 -7423713 -7423714 -7423713 
14 -7423713 -7423714 -7423713 -7423715 -7423713 -7423714 -7423713 -7423714 -7423713 
14 -7423713 -7423714 -7423713 -7423715 -7423713 -7423714 -7423713 -7423714 -7423713 
14 -7423713 -7423714 -7423713 -7423715 -7423713 -7423714 -7423713 -7423714 -7423713 
14 -7423713 -7423714 -7423713 -7423715 -7423713 -7423714 -7423713 -7423714 -7423713 
14 -7423713 -7423714 -7423713 -7423715 -7423713 -7423714 -7423713 -7423714 -7423713 
14 -7423713 -7423714 -7423713 -7423715 -7423713 -7423714 -7423713 -7423714 -7423713 
14 -7423713 -7423714 -7423713 -7423715 -7423713 -7423714 -7423713 -7423714 -7423713 
14 -7423713 -7423714 -7423713 -7423715 -7423713 -7423714 -7423713 -7423714 -7423713 
14 -7423713 -7423714 -7423713 -7423715 -7423713 -7423714 -7423713 -7423714 -7423713 
14 -7423713 -7423714 -7423713 -7423715 -7423713 -7423714 -7423713 -7423714 -7423713 
14 -7423713 -7423714 -7423713 -7423715 -7423713 -7423714 -7423713 -7423714 -7423713 
14 -7423713 -7423714 -7423713 -7423715 -7423713 -7423714 -7423713 -7423714 -7423713 
14 -7423713 -7423714 -7423713 -7423715 -7423713 -7423714 -7423713 -7423714 -7423713 
14 -7423713 -7423714 -7423713 -7423715 -7423713 -7423714 -7423713 -7423714 -7423713 
14 -7423713 -7423714 -7423713 -7423715 -7423713 -7423714 -7423713 -7423714 -7423713 
14 -7423713 -7423714 -7423713 -7423715 -7423713 -7423714 -7423713 -7423714 -7423713 
14 -7423713 -7423714 -7423713 -7423715 -7423713 -7423714 -7423713 -7423714 -7423713 
14 -7423713 -7423714 -7423713 -7423715 -7423713 -7423714 -7423713 -7423714 -7423713 
14 -7423713 -7423714 -7423713 -7423715 -7423713 -7423714 -7423713 -7423714 -7423713 
14 -7423713 -7423714 -7423713 -7423715 -7423713 -7423714 -7423713 -7423714 -7423713 
14 -7423713 -7423714 -7423713 -7423715 -7423713 -7423714 -7423713 -7423714 -7423713 
14 -7423713 -7423714 -7423713 -7423715 -7423713 -7423714 -7423713 -7423714 -7423713 
14 -7423713 -7423714 -7423713 -7423715 -7423713 -7423714 -7423713 -7423714 -7423713 
14 -7423713 -7423714 -7423713 -7423715 -7423713 -7423714 -7423713 -7423714 -7423713 
14 -7423713 -7423714 -7423713 -7423715 -7423713 -7423714 -7423713 -7423714 -7423713 
14 -7423713 -7423714 -7423713 -7423715 -7423713 -7423714 -7423713 -7423714 -7423713 
14 -7423713 -7423714 -7423713 -7423715 -7423713 -7423714 -7423713 -7423714 -7423713 
14 -7423713 -7423714 -7423713 -7423715 -7423713 -7423714 -7423713 -7423714 -7423713 
14 -7423713 -7423714 -7423713 -7423715 -7423713 -7423714 -7423713 -7423714 -7423713 
14 -7423713 -7423714 -7423713 -7423715 -7423713 -7423714 -7423713 -7423714 -7423713 
