1 0.3423185 0.3440203 0.3342805 0.3342106 0.3411862 0.3428696 0.3345286 0.3342628 0.3410947 
2 0.2801289 0.2291932 0.2586872 0.2525727 0.2763614 0.2296252 0.2594473 0.2521112 0.2758364 
3 0.3421825 0.3358938 0.3356115 0.3347793 0.337375 0.3361004 0.3359731 0.3352919 0.3379063 
4 0.1253083 0.2215497 0.1579786 0.1607232 0.1426633 0.2213855 0.1576624 0.1599628 0.1424119 
5 0.4114692 0.4570798 0.4183555 0.4639788 0.4194622 0.4634292 0.464913 0.4614504 0.4461184 
6 0.3303158 0.2781702 0.3014424 0.3018728 0.3092286 0.2763877 0.3038297 0.3039651 0.3087036 
7 0.2594997 0.2720339 0.2636016 0.2646514 0.2604826 0.2713595 0.2632882 0.2650291 0.260801 
8 0.2928587 0.3009658 0.2952934 0.2965212 0.2922021 0.3002392 0.2946527 0.2952099 0.2922343 
9 0.3667573 0.3219741 0.3377568 0.3369295 0.351379 0.3228954 0.3394503 0.3369183 0.3514596 
10 0.2565939 0.252068 0.2570769 0.2565598 0.2571125 0.2523823 0.257187 0.2566522 0.2569922 
11 0.2674088 0.2564765 0.262148 0.2615238 0.2645746 0.2566606 0.2619993 0.2616067 0.2645748 
12 0.4242838 0.4063258 0.4147628 0.4160476 0.4199857 0.4084237 0.4163431 0.4155732 0.4197256 
13 0.2294849 0.2286002 0.2279202 0.2280698 0.2277491 0.2285526 0.2279224 0.2280471 0.2277187 
14 0.2596531 0.271058 0.2645818 0.2640008 0.261222 0.2699654 0.2639838 0.264591 0.2614544 
15 0.2604327 0.3357093 0.3219582 0.3233399 0.3010177 0.337128 0.3213425 0.3237883 0.3019229 
16 0.3916176 0.3454324 0.3722457 0.3724884 0.3745641 0.3432385 0.3713095 0.3697543 0.3700346 
17 0.3681586 0.3890162 0.3886128 0.3898681 0.3853851 0.3894386 0.3889896 0.3896734 0.3854408 
18 0.2965064 0.2853493 0.2886416 0.288173 0.2914087 0.2850511 0.2883377 0.2882233 0.2912625 
19 0.2406652 0.3159476 0.2720184 0.2708529 0.2523112 0.3114289 0.2684776 0.2718718 0.252939 
20 0.3151437 0.3291955 0.3266824 0.3271853 0.3225614 0.3283582 0.3262121 0.32721 0.3236817 
21 0.1999335 0.3262275 0.2606496 0.2704854 0.221115 0.3271651 0.2621888 0.2705586 0.2214132 
22 0.1802938 0.18089 0.1808946 0.1808948 0.1808615 0.1808891 0.1808946 0.1808949 0.1808606 
23 0.4050735 0.3714142 0.3783498 0.3769593 0.3958745 0.3727298 0.3793984 0.3762771 0.3959811 
24 0.2150751 0.228356 0.2186022 0.218888 0.2157032 0.2293128 0.2198311 0.2198721 0.2166743 
25 0.2818578 0.3040443 0.2974509 0.2981431 0.2921162 0.3039994 0.2972005 0.2981384 0.2918465 
26 0.2914814 0.2701418 0.2825099 0.2789739 0.2865251 0.2696031 0.2815549 0.2828396 0.2898818 
27 0.2309086 0.2294745 0.2302672 0.2293633 0.2313865 0.2294019 0.2305621 0.2297058 0.2319566 
28 0.2720901 0.2603397 0.2691253 0.2685087 0.2711071 0.2610695 0.2692442 0.2684797 0.2711144 
29 0.209873 0.2696925 0.2339219 0.2364664 0.2213967 0.2683403 0.2332356 0.2371163 0.2218471 
30 0.2834588 0.2785563 0.2814181 0.2811996 0.2832306 0.2790417 0.2818001 0.280814 0.2828848 
31 0.1460453 0.2030567 0.1732333 0.1784095 0.1550346 0.2044569 0.1738851 0.1790839 0.1555638 
32 0.2690387 0.298488 0.299321 0.299615 0.2893925 0.2984844 0.2978994 0.2986288 0.2884566 
33 0.4073969 0.3292505 0.3675055 0.3617847 0.388328 0.3305963 0.368972 0.3614609 0.3887528 
34 0.4745476 0.4764534 0.4749658 0.4746007 0.4729315 0.4761453 0.4744695 0.4751598 0.4735156 
35 0.2672277 0.2592266 0.2567722 0.2581978 0.2579874 0.2599686 0.257539 0.2582163 0.2581735 
36 0.3279109 0.3468025 0.3399685 0.3418523 0.3356809 0.347128 0.3403597 0.3419602 0.3359538 
37 0.2227081 0.2208983 0.2224661 0.2223842 0.2227104 0.2212182 0.2226924 0.2224771 0.2227356 
38 0.3510805 0.3552346 0.3540161 0.3540118 0.3524198 0.3544924 0.3531478 0.3541419 0.3526194 
39 0.2557479 0.2244074 0.2323887 0.2319354 0.2404307 0.2240282 0.2325824 0.2309904 0.2391577 
40 0.163704 0.2284039 0.2119741 0.2147431 0.1912486 0.2280494 0.211361 0.2147359 0.1911529 
41 0.3005786 0.297357 0.2989958 0.2986899 0.3001654 0.2974216 0.2991058 0.2987223 0.300106 
42 0.2551739 0.2116 0.2372624 0.2343689 0.2493687 0.2111279 0.2361621 0.2341663 0.2493052 
43 0.2963483 0.3066529 0.3042089 0.304558 0.3014141 0.3065649 0.3040858 0.304573 0.3015166 
44 0.1316658 0.1555323 0.1455181 0.1459925 0.1391798 0.1559835 0.146276 0.1459816 0.1390824 
45 0.2796061 0.263648 0.2705422 0.2697974 0.2734055 0.2647869 0.2714862 0.2713843 0.2747624 
46 0.3107278 0.2965683 0.3006416 0.3002527 0.3044037 0.2966353 0.3007406 0.2999339 0.3037867 
47 0.2389481 0.3174742 0.2729877 0.2695779 0.2456902 0.3162774 0.2710875 0.2700661 0.2461013 
48 0.3170676 0.3030361 0.3055206 0.3070651 0.3087837 0.3034489 0.3059145 0.3072899 0.3089454 
49 0.286616 0.2900636 0.2887611 0.2849034 0.2848078 0.2904807 0.2889321 0.2851855 0.2852085 
50 0.3235705 0.3462769 0.3353695 0.3362981 0.3284503 0.3461963 0.3352224 0.3361556 0.3285062 
51 0.3783127 0.3823863 0.3815695 0.3818009 0.3806949 0.3824073 0.3816588 0.3817767 0.3806756 
52 0.2713125 0.3043884 0.2921486 0.2941086 0.2804963 0.3039455 0.2929837 0.294664 0.2811758 
53 0.3513355 0.3530253 0.3525258 0.3525837 0.3524399 0.3543915 0.3537038 0.3509054 0.3508924 
54 0.2835928 0.2695332 0.2765984 0.275865 0.2795045 0.2694555 0.2765345 0.2760183 0.2796479 
55 0.3226591 0.3105374 0.3167063 0.3159328 0.3189443 0.3103489 0.3163407 0.3161559 0.3191005 
56 0.3192332 0.3409691 0.3393931 0.3399262 0.3340092 0.3410312 0.3392484 0.3398915 0.3338604 
57 0.4254567 0.4082591 0.4096599 0.4094891 0.4136881 0.4078765 0.4090827 0.4093209 0.4133459 
58 0.355164 0.3593377 0.35822 0.3585445 0.3572018 0.359393 0.3582806 0.3584521 0.3570712 
59 0.3408137 0.4064256 0.3952913 0.3992534 0.3723993 0.4076378 0.3982907 0.3998647 0.3735806 
60 0.3522449 0.359452 0.3548791 0.355691 0.3533209 0.3600906 0.3554101 0.3555326 0.3531444 
61 0.4435897 0.495295 0.4621971 0.4674204 0.4468586 0.495158 0.4616641 0.4649476 0.4461877 
62 0.3132642 0.324801 0.3265857 0.3276736 0.3250628 0.3253056 0.3267987 0.3283229 0.3255432 
63 0.3797745 0.3468911 0.3704815 0.3780597 0.3839958 0.3494421 0.3733352 0.3781634 0.38396 
64 0.3141668 0.2862109 0.2939903 0.2929248 0.3019829 0.2869613 0.2949383 0.292666 0.3015908 
65 0.3927428 0.4067689 0.4065334 0.4070676 0.4035417 0.4066959 0.4065345 0.4069165 0.4033281 
66 0.3506849 0.3339211 0.3402282 0.3417375 0.3452807 0.3364202 0.3427886 0.3412898 0.3448785 
67 0.2707734 0.2934844 0.2896628 0.2894826 0.2815079 0.2928834 0.2884628 0.2895749 0.2814662 
68 0.326805 0.3254496 0.3255293 0.3258621 0.3247142 0.3253025 0.32548 0.3253848 0.3243444 
69 0.3288315 0.2968513 0.3138599 0.3074167 0.3231365 0.2976288 0.315011 0.3062624 0.3222831 
70 0.3509447 0.3437701 0.3486034 0.3483595 0.3503126 0.3440842 0.348673 0.3482699 0.3502664 
71 0.2944905 0.3133692 0.328295 0.3276473 0.3234915 0.3157038 0.3289303 0.3276948 0.3237514 
72 0.4295725 0.3966912 0.4110142 0.4088612 0.4203349 0.3979622 0.4121566 0.4067508 0.4184686 
73 0.3594222 0.3780218 0.3634743 0.3644217 0.3613521 0.3803886 0.3646312 0.3650562 0.3614911 
74 0.3580562 0.424711 0.4027224 0.4069 0.3789783 0.4246539 0.4029511 0.4076232 0.3792527 
75 0.225785 0.2856577 0.2603343 0.2647955 0.2468678 0.2871677 0.2615488 0.2653376 0.2471608 
76 0.3026154 0.3364913 0.3162623 0.3197138 0.3011241 0.3362094 0.3146065 0.3203818 0.3017414 
77 0.3194344 0.29185 0.3042539 0.304947 0.3111785 0.2880017 0.3008421 0.3055659 0.3115488 
78 0.3159641 0.3636005 0.3439511 0.3470444 0.3226272 0.3631857 0.3436317 0.345589 0.3213647 
79 0.4474867 0.4837433 0.4705796 0.4736869 0.4584948 0.4852133 0.4714459 0.4743217 0.4590894 
80 0.348261 0.3358265 0.3451088 0.3438728 0.3466242 0.3356237 0.3447353 0.34505 0.3477185 
81 0.2796899 0.2458748 0.256768 0.2556595 0.269222 0.2452648 0.2576496 0.2554629 0.2692053 
82 0.1552924 0.1416584 0.1467654 0.1456062 0.149717 0.1415593 0.1466417 0.1453314 0.1492983 
83 0.2610414 0.2580026 0.2579549 0.259367 0.2582937 0.2583208 0.2583365 0.2591422 0.2581735 
84 0.06934377 0.107266 0.1048571 0.1060736 0.09476647 0.1073789 0.1050538 0.1059182 0.09480093 
85 0.2804589 0.3035207 0.301398 0.3022076 0.2912429 0.3032499 0.3008957 0.3017651 0.2904655 
86 0.3588798 0.3690155 0.3614531 0.3620225 0.3577445 0.371526 0.366367 0.3687471 0.3627243 
87 0.250306 0.2297653 0.2412355 0.2398772 0.2466634 0.2302029 0.2417002 0.2397828 0.2467451 
88 0.34624 0.3156958 0.3339531 0.332413 0.3402343 0.3161796 0.3337956 0.3320774 0.3400512 
89 0.3017281 0.3024211 0.3012395 0.3010314 0.3028173 0.3041898 0.3033096 0.301614 0.3033319 
90 0.3565674 0.3288244 0.3453332 0.3465829 0.352154 0.3246175 0.3414365 0.3455308 0.3511372 
91 0.3620826 0.3140793 0.3334952 0.3317664 0.3467787 0.3143039 0.3332607 0.3319311 0.3468281 
92 0.1875435 0.1922058 0.1892318 0.1905856 0.1892514 0.1932455 0.1900619 0.1905514 0.189246 
93 0.3102049 0.3122058 0.3220726 0.3231505 0.3209023 0.3144232 0.3241968 0.321428 0.3164797 
94 0.3878621 0.41239 0.3931896 0.3900568 0.3866903 0.41043 0.3908525 0.3910252 0.3881896 
95 0.3402571 0.3433439 0.3469101 0.3477579 0.3457743 0.3446943 0.3475761 0.3482573 0.3462544 
96 0.3307021 0.3305462 0.3344483 0.3344783 0.3313577 0.329889 0.3339141 0.3345195 0.3312024 
97 0.206751 0.1968023 0.2028712 0.2019731 0.2052593 0.1964221 0.2025763 0.2014723 0.2047098 
98 0.311956 0.3719139 0.3503042 0.3543183 0.3371811 0.3728393 0.3503963 0.3542227 0.3367567 
99 0.2143804 0.3091582 0.2775755 0.2857131 0.2521144 0.3094102 0.2793769 0.2851124 0.2509179 
100 0.2919116 0.304769 0.2999426 0.2998127 0.2983576 0.3079277 0.3022529 0.2994913 0.2987203 
