1 266393.7 266512.6 266420.9 266442.9 266373.8 266444.3 266378.1 266445.5 266386.4 
2 266314 266424.2 266329.4 266241.9 266296.7 266317.8 266283.8 266295.1 266353 
3 266334.9 266412.4 266342.7 266376.1 266319.1 266330.8 266307.5 266291.6 266347.8 
4 266342 266326.6 266351.5 266375.9 266343.7 266410.9 266361.4 266344.3 266374 
5 266259.9 266320.8 266265.6 266244.9 266284 266307.6 266269.3 266220.8 266220.7 
6 266384.3 266360 266362 266451.3 266386.5 266442.3 266429.2 266332.4 266427.2 
7 266209.3 266210.6 266218.3 266277.4 266229.8 266195.9 266212.1 266143.1 266168.4 
8 266370.6 266410.5 266343.7 266305.1 266361.1 266370.5 266394.8 266448.7 266388.3 
9 266370.3 266291.1 266339.5 266379 266385.1 266419.2 266372.7 266354.4 266394.2 
10 266352.8 266304.3 266384.2 266307.9 266324.9 266420.5 266374.6 266410.9 266367.5 
11 266445.3 266446.7 266450.8 266475 266432.2 266545.5 266414.2 266385.7 266412.6 
12 266455.1 266399.5 266432 266399.7 266446.9 266459.3 266455.6 266458.3 266506.8 
13 266332 266375.7 266328.7 266382 266276.6 266334 266312 266373.6 266320.2 
14 266249.4 266220.1 266237.7 266147.5 266226.1 266138.4 266248 266221.8 266258.5 
15 266322.3 266249.7 266317.3 266304.6 266301.1 266266.7 266325 266395.4 266365.5 
16 266276.6 266253.7 266310.3 266257.4 266270.8 266280.3 266312.6 266289 266247.1 
17 266266.5 266307.4 266309.4 266296.4 266267.9 266235.3 266258.3 266214 266219 
18 266322 266235.3 266323.2 266207.6 266317.4 266335.1 266354.6 266404.1 266334.4 
19 266285.3 266235.9 266290.5 266309.1 266319.2 266305.9 266303.2 266212 266273.3 
20 266209.9 266261.1 266206.4 266253.8 266186.4 266173.1 266204.5 266225.8 266209.1 
21 266266.1 266263.1 266258.1 266263.7 266274.8 266320.3 266330 266321.6 266299 
22 266238.8 266183.1 266256.2 266268.6 266226.1 266296.5 266289.2 266201 266212.5 
23 266341.1 266371.6 266351 266278 266347.2 266505.7 266348.3 266383.9 266336.5 
24 266313.3 266264.1 266306.4 266326.6 266299.9 266344.3 266314.9 266395.4 266309 
25 266314.1 266293.9 266322.9 266346.8 266318.1 266349.4 266316.8 266390.1 266300.4 
26 266293.4 266338.3 266290 266241.8 266290.5 266232.8 266264.3 266320.4 266306.9 
27 266313.4 266335.5 266308.1 266303.2 266323.4 266252.9 266336.4 266350.9 266327.2 
28 266349.5 266337.3 266350.1 266357.6 266362.5 266396.5 266347.5 266243.5 266331.3 
29 266317.1 266287.8 266290.6 266361.8 266306.5 266358.7 266349.7 266364.3 266339.3 
30 266356.8 266369.2 266335.6 266372.3 266356 266348.9 266346 266360.8 266374.1 
31 266274.2 266284.3 266243.1 266221.8 266284.7 266253.5 266262.7 266294.8 266302.9 
32 266252 266251.5 266247.8 266281.3 266257.8 266291.2 266266.1 266206.4 266255.6 
33 266294.8 266299.5 266290.5 266324.5 266275.6 266323.9 266291.9 266335.2 266274.4 
34 266291.9 266349 266268 266315.8 266274.2 266320.3 266307.5 266289 266280.8 
35 266411.9 266433.4 266392.5 266385.3 266416.9 266299.6 266450 266357.4 266414.7 
36 266281.5 266390.3 266260.7 266334.3 266315.1 266289.6 266289.4 266309.3 266247.5 
37 266433.8 266388.1 266415.3 266437.5 266449.5 266427 266407.6 266498.1 266469.5 
38 266282.6 266283.4 266332 266173.3 266263.9 266232.7 266264.1 266227.3 266279 
39 266204.9 266240.1 266188.7 266285.7 266215.7 266179.1 266223.8 266084.9 266240.2 
40 266434.4 266430.7 266463.4 266489.4 266429.5 266360.5 266450 266397.1 266406.8 
41 266278.7 266363.4 266254.9 266297.4 266282.8 266301.5 266291.5 266256.8 266273.8 
42 266245.8 266241.9 266266.5 266179.2 266205.4 266252.3 266237.4 266289 266203.9 
43 266406.6 266464.8 266427.6 266456.2 266392.5 266488.7 266419.3 266473.7 266447.1 
44 266222.3 266301.7 266234.5 266285.9 266233.3 266109.1 266205.1 266182.2 266191.9 
45 266248.9 266216.3 266248.3 266231.9 266238.7 266288.1 266272.8 266216.6 266284.9 
46 266252.9 266313.3 266228.2 266184.6 266272.3 266207.6 266286.7 266259 266280.7 
47 266233.2 266296.7 266215 266133.4 266197.1 266203.5 266216 266162.6 266230.2 
48 266257.7 266348.8 266274.3 266235.5 266240.6 266300.6 266251.6 266231.4 266231.8 
49 266347.5 266417.4 266356.3 266269.2 266350.2 266406.5 266345.7 266331.6 266325.4 
50 266180.1 266023 266167.7 266151.8 266155.3 266226.6 266217.3 266163.9 266195.4 
51 266356.3 266286.6 266334.4 266370 266323 266453.8 266388.3 266375.9 266366.8 
52 266324.4 266346.2 266340.4 266418.8 266354.6 266285.3 266305.7 266345.7 266343.3 
53 266292.5 266231.5 266265 266324.6 266299.4 266353 266292.4 266294 266312 
54 266243.7 266223.4 266270.4 266213.5 266195.8 266339.2 266233.6 266305.4 266212.8 
55 266444.3 266419.5 266460.6 266464.8 266406.6 266556.9 266447.9 266343.8 266396.8 
56 266190 266228.6 266172.2 266181.5 266214.5 266205.4 266217.5 266083.6 266171.6 
57 266335.6 266373.1 266377.5 266315.4 266331.8 266408 266333 266351.6 266356.5 
58 266156.4 266120.8 266139.9 266161 266107 266147.5 266150.9 266132.4 266134.2 
59 266324.7 266129.9 266299.3 266251.1 266318.8 266252.7 266317.9 266387.2 266341.8 
60 266349.7 266374.7 266387.6 266363.1 266366.5 266349.8 266376.8 266333.7 266323.9 
61 266292.3 266412.4 266320.2 266306.6 266295.5 266319 266297.5 266242.6 266277.3 
62 266252.4 266230 266215.5 266291.4 266243.8 266224.7 266212.1 266265.1 266268.3 
63 266305.7 266339.5 266296.8 266192.6 266334.2 266367.3 266327.2 266373.3 266385.6 
64 266317.2 266374.9 266371.2 266217.2 266333.5 266310.3 266293.7 266302.1 266348.7 
65 266331.6 266394.1 266291.3 266358.1 266337.1 266330.4 266351.4 266284.6 266317.1 
66 266308.1 266328.5 266309.9 266265.7 266242.5 266345.8 266330.7 266341.4 266307.8 
67 266314.5 266291.1 266332.2 266376.8 266293.7 266375.9 266309.3 266447.1 266315.5 
68 266354.4 266457.2 266361.2 266276.7 266392.1 266370.9 266417.1 266325.9 266353.6 
69 266211.2 266244.4 266225.6 266127.9 266224 266237 266198.7 266194.2 266247.2 
70 266414.1 266401.1 266424.5 266309.8 266390 266358.7 266399.1 266301.4 266416.7 
71 266323.8 266232.1 266333.1 266328.9 266340.2 266372.9 266328.2 266256.6 266342.1 
72 266300 266317.6 266337.1 266367.5 266297.3 266357.5 266321.4 266250.5 266293.7 
73 266354.6 266295.9 266407.8 266352.4 266336.3 266358 266392.9 266398.4 266341.4 
74 266136.5 266110.1 266142.2 266149.7 266149.7 266059.4 266140.9 266111.1 266122.4 
75 266410.5 266538.3 266439.4 266510.3 266399.2 266365.3 266419.4 266424.9 266409.4 
76 266383 266354.4 266379.3 266418 266387.1 266445.3 266362.7 266383.1 266383.9 
77 266330.1 266265.5 266286.4 266342.5 266301.5 266293.6 266333.1 266272 266337.6 
78 266295.4 266333.6 266273.9 266294.3 266284 266428.9 266280.6 266350 266311.6 
79 266333.8 266432 266360.9 266390.7 266355.2 266354.5 266355.4 266469.6 266284.7 
80 266335.2 266305 266328.9 266326.4 266322.3 266391.4 266341.5 266291.2 266322.3 
81 266177.6 266142.2 266230.4 266129.8 266186.1 266160.4 266155.9 266150.8 266194.8 
82 266348.5 266544.8 266329.8 266431.4 266300.3 266273.1 266351.9 266424.2 266374.8 
83 266181.4 266152.4 266151.6 266171.7 266194.1 266274.5 266220.2 266113.8 266204.8 
84 266322.3 266411 266359.3 266372.5 266313 266289.8 266320 266229.5 266272.1 
85 266495.7 266583.7 266541.6 266472.8 266475.4 266544.4 266516.7 266424.2 266467.2 
86 266273.6 266224 266242.8 266206.3 266275.1 266252 266266.1 266233.7 266305.5 
87 266307.6 266320.4 266305.3 266316 266306.3 266318.3 266324.8 266270.7 266257.3 
88 266309.8 266332.7 266276.3 266300.2 266286.2 266362 266313.7 266265.6 266299.3 
89 266224.4 266111.1 266223.6 266262.2 266247 266168.1 266208.2 266214.7 266224 
90 266253.7 266286.2 266197.3 266308.2 266259.9 266287.4 266246 266260.9 266246.7 
91 266293.1 266359.4 266338.4 266326.7 266299.9 266294.1 266321.8 266321.4 266293.5 
92 266372.4 266279.1 266400.2 266348.1 266368.7 266509.8 266395.5 266389.2 266379.7 
93 266314.9 266260.7 266300.6 266285.6 266345.2 266259.1 266325.2 266237.4 266322.5 
94 266368.1 266348.6 266363.5 266314 266385.4 266353.9 266376.5 266221.1 266342.8 
95 266294.7 266364.6 266293 266262.6 266295.8 266395.1 266303 266314.2 266290.1 
96 266389.8 266451.1 266415.5 266403.7 266375 266505 266419.9 266383.2 266356.4 
97 266321.3 266405.9 266305.9 266360.8 266340 266332 266255.9 266338.4 266319.5 
98 266295.2 266264.6 266265.1 266386 266302 266352.2 266317.6 266367 266271.4 
99 266212.7 266260.4 266194 266228.4 266215.1 266201.4 266201.5 266228.1 266216.9 
100 266287.2 266217 266306.3 266273.3 266273.3 266371.5 266267.8 266195 266321.9 
