1 -24633880 -3720915 -16098793 -10077705 -19378025 -3784998 -16062658 -10076040 -19384513 
2 -23689152 -931214.6 -14138891 -6014623 -19436353 -6003545 -14449068 -6012640 -19437332 
3 -23725302 -1128334 -16968158 -8397416 -20776286 -1008256 -16917601 -8384746 -20755688 
4 -23929706 -7282006 -19604192 -12192827 -22968782 -7142869 -19618299 -12119431 -22970058 
5 -24496013 -8067051 -17853180 -11014769 -21388284 -8155373 -17869914 -11274815 -21387747 
6 -25307878 -9476528 -14857727 -9477376 -19163549 -9476598 -14848309 -9477369 -19135697 
7 -25197494 -2595425 -18587395 -9377659 -22229283 -2547015 -18596502 -9454769 -22245097 
8 -24204658 -2691968 -15621338 -6365962 -20309417 -2704828 -15767693 -6546357 -20329062 
9 -23298361 -9967384 -16096272 -10050472 -19734194 -9948957 -16078913 -10049987 -19744035 
10 -24954898 -6000117 -14306540 -6027710 -18945070 -6000133 -14349150 -6021521 -18950063 
11 -24439013 -7426404 -16878111 -9324004 -20874019 -9255223 -16861676 -9313159 -20861956 
12 -24866282 -2521562 -18152530 -3596728 -23540344 -2521565 -18222874 -3684857 -23577524 
13 -24405787 -9749762 -19580760 -13257696 -22966188 -8974442 -19544815 -13260769 -22972551 
14 -24453800 -3725596 -19329504 -11810301 -22266363 -3884355 -19328981 -10853020 -22266304 
15 -23085515 -6389126 -16262017 -9236483 -19799135 -6410735 -16292343 -9046605 -19792142 
16 -24497265 -7295138 -18987829 -8935279 -23111929 -7480404 -18920674 -8775872 -23163174 
17 -24987322 770807 -15795850 -9211446 -19445004 912047.3 -15770042 -9112045 -19461979 
18 -26854342 178679.2 -16922240 -6477183 -21935402 433314.8 -16881923 -6442673 -21948780 
19 -25681087 -8524181 -16524054 -10083130 -20402369 -6422126 -16500875 -7244752 -20454860 
20 -25632532 -3823067 -16207500 -6473432 -21042028 -3822593 -16180219 -6480740 -21044293 
21 -23653206 -2603025 -18365115 -7850771 -22238204 -2601893 -18355411 -7846234 -22249154 
22 -24405747 -6745515 -17324245 -10027756 -21358092 -6351753 -17283450 -10019352 -21352583 
23 -23924905 -2545847 -18519702 -7025630 -22346523 -2561380 -18572230 -11450762 -22310819 
24 -24507288 947378.9 -13504668 -2321568 -18723961 947383 -13491509 -2288125 -18730217 
25 -25533656 873277 -15071367 -4494193 -19573462 509748.2 -14897137 -6011581 -19572631 
26 -23618370 -3959661 -15558797 -6744004 -19818839 -3829451 -15560355 -6647460 -19794687 
27 -24347429 -1789253 -18843836 -6275510 -23132135 -3313823 -18827728 -6890585 -23095534 
28 -24858979 -1917119 -16976597 -6785777 -21503252 -3145916 -16964114 -6820213 -21478926 
29 -25630724 -5824355 -19100706 -12910655 -23072365 -6915375 -19121920 -12929140 -23045769 
30 -24998805 -6350331 -15707816 -6728723 -19798842 -6350202 -15715948 -6739544 -19810599 
31 -25636124 -5999130 -16048670 -6760464 -20632520 -5999118 -15997960 -7105973 -20616609 
32 -24524256 -919260.8 -16600123 -10008090 -19950384 -325265.4 -16693817 -10009265 -19965052 
33 -24790863 -3492129 -17638098 -7584198 -21381252 -4927899 -17617150 -7476133 -21372051 
34 -26562827 -6003053 -18453653 -9474778 -22180380 -2526791 -18259204 -7842188 -22410954 
35 -26081623 -10003407 -16709248 -10066007 -20541626 -10003335 -16723133 -10065699 -20550986 
36 -24051710 -3589712 -14936941 -5108441 -19592236 -2642710 -14991003 -4705888 -19616908 
37 -25131813 -2526939 -18409386 -3240048 -23305140 -2526893 -18424223 -3170147 -23327147 
38 -25967800 -2616679 -16711441 -8488640 -20463004 -2954529 -16742114 -8401376 -20447010 
39 -24246395 -9230588 -19538990 -12313814 -22668625 -9359415 -19455059 -12212266 -22685438 
40 -23705116 690029.6 -17862330 -10422766 -20758554 -5999636 -17572071 -9632812 -20839856 
41 -26449999 -1634999 -16126070 -6797553 -20715510 -3470916 -16258529 -6502222 -20734715 
42 -24004774 518654.9 -15492528 -5999723 -20253564 822635 -15416105 -5999780 -20244757 
43 -22849857 -7003770 -16070406 -10013653 -19555296 -9293145 -16024920 -10044837 -19580299 
44 -24110566 -9902030 -18986028 -13358580 -21746217 -9916474 -18943419 -13324964 -21770017 
45 -25430994 -4918271 -15795596 -7842108 -19731664 -4127414 -15768221 -7911970 -19709580 
46 -24102155 -2553110 -18745405 -9975741 -22188778 -2552760 -18705248 -9748915 -22192993 
47 -23814926 -11931357 -18933986 -13531363 -22106127 -12191720 -18943052 -13533420 -22116736 
48 -24008380 -3746799 -16438702 -6688939 -20889846 -2807572 -16170887 -6698339 -20885429 
49 -25301073 591119.9 -14945931 -4326101 -19963571 519601.5 -14986653 -4326322 -19959351 
50 -26558541 -3821728 -16235349 -6224296 -20914460 -3822932 -16260087 -6384472 -20893598 
51 -24024229 -3660470 -18597048 -11709756 -21775215 -3707126 -18559264 -11802028 -21763061 
52 -25700874 -6816043 -18212483 -10149741 -22216284 -9476021 -18197399 -9760913 -22210533 
53 -24738086 -8954276 -19053178 -10653937 -22425328 -8644955 -19103968 -10573621 -22438995 
54 -24325086 -2546397 -18233072 -9500425 -21816781 -2542921 -18131662 -9637149 -22020190 
55 -25348223 -9227330 -16185661 -9248268 -19959057 -9227178 -16162221 -9247872 -19968540 
56 -23422480 -9982777 -15802839 -10044426 -19387162 -9998155 -15807507 -10045290 -19362460 
57 -24617792 -3015646 -16792589 -10050166 -20397614 -3762245 -16774053 -10067377 -20396597 
58 -23908314 6691.848 -19484084 -11691670 -22639524 -2530922 -19046809 -8122584 -22640338 
59 -25189116 -5998215 -13474209 -5998392 -18592089 -5998311 -13526501 -5998354 -18603612 
60 -23926799 -6141753 -15301175 -9464542 -19330557 -6391489 -15461185 -9464831 -19304656 
61 -25233501 -4366496 -18752677 -9969064 -22493210 -4511750 -18685397 -9934650 -22478904 
62 -27206414 -819815.6 -17629560 -7106996 -21842342 -932753.9 -17626016 -7067338 -21808127 
63 -23002418 -4550757 -17350059 -6883973 -21644832 -4534074 -17751191 -7061440 -21671574 
64 -25126435 714227.6 -15829367 -6133695 -20071829 752743.2 -15861372 -6222805 -20087194 
65 -24518806 -1969874 -18361963 -8813241 -22185735 -2530987 -17829843 -5641364 -22153526 
66 -24205872 45264.16 -18471886 -9516342 -21587449 -1607738 -18147109 -9311494 -21536016 
67 -23776129 -2625914 -18904959 -9582684 -22687314 -2630411 -18863853 -9304166 -22676022 
68 -25379081 941761.4 -14958489 -2506443 -19845372 940043.7 -15144223 -2825888 -19804874 
69 -25505945 -9476380 -17525209 -9483822 -22195577 -9477475 -17594614 -9483086 -22166072 
70 -24274163 -1209363 -18067013 -6466267 -22409125 178060.2 -18298704 -6476614 -22415347 
71 -25748149 874021.8 -16462776 -7514582 -20989763 905737 -16323498 -7422670 -21008810 
72 -25152414 -10787983 -19786131 -13510248 -23058979 -11484797 -19745734 -13510646 -23059912 
73 -24120941 -3098544 -19105030 -10594632 -22554575 -2980741 -19097545 -10590445 -22541162 
74 -26597859 933545 -16512456 -4754289 -20434984 930969 -16291814 -5411541 -20431065 
75 -25210617 -5638920 -16005258 -9985889 -19528461 -6206304 -15990587 -9937568 -19504437 
76 -24908641 174052.1 -16469728 -9739548 -20455147 -1996465 -16800103 -9526642 -20433850 
77 -23768312 -2542427 -18020177 -7794963 -22149971 -2547817 -18111737 -7475332 -22153090 
78 -24136809 -10001215 -16352526 -10064006 -19974065 -10001221 -16324954 -10062655 -19982485 
