1 21.80388 0.4167326 9.418621 6.2582 15.84726 1.591723 4.566075 3.880006 13.11125 
2 15.74056 0.7383729 7.615697 9.074744 11.48319 0.8744983 7.85255 8.709855 11.44926 
3 21.72933 10.26284 14.3783 14.3413 19.68506 11.53938 14.78184 14.43478 20.06903 
4 17.65407 1.157622 6.870113 9.525014 13.48152 1.369104 8.359428 7.53593 12.77818 
5 13.73864 2.434878 8.528734 9.714074 11.69657 2.814544 8.538211 11.1427 11.93382 
6 22.85937 16.35439 16.01956 15.22743 19.08132 16.44807 15.97474 15.42462 19.70714 
7 16.88795 10.00639 9.898392 10.45371 10.20221 7.315387 9.60105 10.52261 10.22983 
8 15.0145 0.7475419 4.813172 2.357136 10.47141 0.8360662 4.954775 5.953596 12.88492 
9 21.59319 5.723787 14.07675 18.63297 17.06371 0.8689047 8.321187 16.66911 16.71225 
10 15.95527 5.749955 9.185924 7.872033 11.57812 2.595528 8.787811 8.181549 11.59656 
11 16.39811 1.80554 2.441244 1.778107 5.460784 1.484154 2.510439 1.549875 5.507195 
12 16.87527 0.3268806 5.886872 6.875883 11.04267 1.040763 5.976776 5.877946 11.5602 
13 15.4718 0.01529741 3.69626 1.676917 8.386608 0.01731701 3.69792 1.851256 8.897705 
14 19.51147 0.09088155 4.72567 5.211719 9.873563 0.3203094 5.404031 5.150754 9.833599 
15 14.96706 1.35261 10.41527 20.21935 18.79666 5.724575 14.42483 21.77912 19.47158 
16 19.05573 3.958456 3.929163 3.787582 5.543865 3.920451 5.121301 6.465894 6.134098 
17 23.39595 5.000721 9.670867 10.30105 14.13548 4.938263 9.49835 10.59046 14.38354 
18 13.77203 6.190084 6.81959 5.448909 7.722673 0.8244765 5.103751 6.915762 8.460995 
19 16.26113 4.159092 4.068695 3.914512 5.453435 4.331819 4.325245 6.845939 6.283814 
20 13.82277 1.020946 2.831712 7.917292 7.733478 0.8256858 3.776602 2.672449 6.832829 
21 14.86692 4.664179 5.958949 3.650309 8.595873 3.653512 4.95907 5.155561 8.954949 
22 15.20309 4.372429 7.274366 7.665982 9.08997 5.442211 7.476577 7.821629 9.188813 
23 17.40148 0.06782026 2.908009 1.664917 9.556994 0.06942971 3.177423 1.425456 9.329952 
24 15.91483 0.9343782 8.220576 8.95963 16.09055 1.935841 9.56551 9.477638 16.52687 
25 16.99639 1.447565 9.341995 11.30154 12.48772 0.6256175 8.143708 11.56853 12.60307 
26 16.53278 2.281841 7.059278 8.856569 8.746051 2.300299 7.424121 8.669972 8.556652 
27 22.30772 4.936577 10.45234 9.923209 15.14576 4.076844 9.874928 10.91596 15.53008 
28 20.82955 8.622689 11.24909 13.6043 10.82693 13.09303 11.73818 9.082609 12.97337 
29 16.52407 0.05067001 2.605908 1.13163 7.186035 0.0664081 2.723045 2.259386 7.743098 
30 21.75868 2.813649 8.726671 7.974363 17.54967 0.2907872 5.723077 7.48798 17.13364 
31 13.80907 0.0332831 4.936374 10.30707 16.11208 0.1920476 5.22137 5.314052 13.39272 
32 15.17116 4.08586 5.944166 4.46411 9.861983 4.524678 7.788405 6.276359 10.46768 
33 15.41509 0.7873098 5.852309 6.822127 9.433978 1.011004 6.14619 6.812411 9.440053 
34 20.74221 1.121509 10.85921 11.65978 14.90795 1.882677 10.2506 17.10857 15.74097 
35 22.71869 5.281804 12.35098 25.79632 23.23862 5.690462 14.66049 19.87646 21.32162 
36 14.4957 1.356481 5.378619 3.871933 12.06969 1.073646 4.919104 4.671475 12.22319 
37 16.04844 3.427138 13.52589 17.906 17.82422 3.562326 14.03633 18.05955 17.8568 
38 20.65822 0.4555193 5.862502 6.432263 10.9451 0.8347179 5.60582 6.448782 10.40939 
39 18.25765 0.09642595 3.903822 5.383607 7.62704 0.04366459 1.444762 2.707752 6.872966 
40 16.62799 3.902292 7.776036 15.26229 16.72783 3.724586 8.89456 13.58408 15.83717 
41 19.14524 1.04873 6.119196 4.893796 9.282467 0.08016778 3.976363 4.897238 8.198826 
42 20.61036 0.04217389 4.933424 1.881886 13.15832 0.0346987 4.477048 1.72121 12.6434 
43 20.44267 3.648696 10.99668 10.30411 16.11895 6.833734 9.14625 9.643223 15.47269 
44 14.89218 5.552651 18.07531 22.07627 19.46108 5.098039 16.80387 21.34133 19.44241 
45 20.43832 1.05016 6.148427 6.90971 11.48168 3.808516 6.458013 8.697673 11.64894 
46 18.25392 3.835441 5.90615 6.131258 9.186174 1.168884 6.017022 6.968585 9.624016 
47 23.46469 4.109108 5.741594 4.76189 9.858495 4.120713 5.72042 4.981391 10.30848 
48 15.76654 0.9367858 3.988626 3.2688 8.53349 0.07325046 3.293465 3.412159 7.266364 
49 20.97507 7.523131 13.86062 16.873 18.31819 5.830272 11.68053 17.97685 18.30838 
50 14.07089 0.04550529 3.585352 1.465282 6.431208 0.064808 1.594316 0.8970498 6.381577 
51 17.77274 1.823812 3.535357 0.7137019 6.504575 0.8739701 3.710372 0.9365856 6.66535 
52 12.24291 0.2011241 2.706091 2.010316 8.090643 1.08476 3.088972 0.5623345 7.12689 
53 18.07415 10.67812 18.07854 19.69252 19.26067 0.5474886 10.66449 19.62706 19.52832 
54 14.96634 0.07012789 3.774554 4.09038 9.748075 0.05623824 3.117368 3.535313 9.05153 
55 16.18569 0.7794727 5.93026 6.580936 13.16624 1.458742 7.495086 6.407054 13.18192 
56 18.38016 7.032633 7.735001 7.961518 12.50602 7.420745 10.35496 8.699849 13.71638 
57 17.85789 12.5567 10.06412 12.35091 8.572195 12.47733 10.1013 12.3466 8.496023 
58 17.29452 6.949944 12.32891 15.28328 17.99086 4.610324 11.95455 16.11975 18.50069 
59 17.73163 1.283805 3.423004 1.002415 9.492734 2.510682 3.77773 1.768856 8.36049 
60 15.19145 0.153389 6.583318 8.829577 13.64236 0.169021 5.937647 6.93753 13.72439 
61 20.10789 1.124074 4.911612 4.70965 10.04873 1.131348 5.044674 4.969724 10.42803 
62 18.04721 1.115405 9.358079 9.552497 15.91089 1.464578 9.306297 9.605802 15.74405 
63 15.984 0.3657998 6.403812 7.462872 11.26354 0.4031612 6.945613 7.632515 11.32837 
64 21.3237 4.272121 9.790377 11.46412 15.09672 4.613645 10.2157 10.04573 15.1012 
65 21.36651 0.05506313 3.208573 2.308498 8.870581 0.06234007 3.221084 3.80807 8.811161 
66 12.9828 2.355317 6.178863 3.404288 8.354031 3.674808 6.043132 6.848194 8.677229 
67 12.63622 1.361267 3.938955 4.452873 6.305567 0.2765598 4.134839 3.935895 5.961264 
68 20.28689 0.70021 5.63026 7.179794 12.23486 0.3746312 5.932706 6.368926 11.67415 
69 18.22186 17.17412 18.33781 18.19562 17.33645 6.679559 16.29746 19.93167 17.79329 
70 22.12042 4.910418 10.53245 9.789981 15.78939 4.197895 10.6137 7.121137 14.55283 
71 14.28146 5.44233 6.736802 6.349648 9.422865 6.310254 7.98887 7.498987 9.984823 
72 22.53921 7.543901 10.28539 8.200317 14.25308 0.839355 4.073967 1.367127 11.53161 
73 15.44747 5.861309 16.62016 23.82565 19.74973 23.39063 21.64707 24.13632 19.81833 
74 16.61983 2.678503 7.116754 5.931481 10.77217 0.5313709 5.529837 5.678148 11.26463 
75 16.20541 1.213005 6.153588 11.54127 15.36653 0.1248331 7.075492 11.38664 15.39812 
76 17.85493 0.581733 6.452638 7.599485 10.96099 0.4716843 5.948252 8.286495 10.9169 
77 24.1731 11.06131 17.92813 22.46237 21.04272 11.47529 18.8636 21.59401 20.67545 
78 21.00831 0.2816815 3.773924 8.500678 12.45886 4.598659 8.836072 5.23663 14.04539 
79 18.39544 3.718867 8.616316 7.123631 14.61359 8.331619 14.22139 6.842564 14.4802 
80 11.96869 0.07497125 3.861561 7.281295 11.53752 1.899604 6.247591 7.461416 11.55222 
81 17.84349 1.399604 5.519312 8.367696 11.83187 0.772951 6.801716 7.116271 11.47106 
82 20.26965 1.129279 8.780985 11.85769 16.94275 1.168265 10.97492 11.67399 17.10296 
83 21.15611 0.05188849 3.288654 3.123137 8.496134 0.05166318 3.240363 3.28803 8.303771 
84 20.22863 4.160319 8.731499 6.26432 11.48747 0.2521186 5.526796 6.103648 11.2688 
85 21.06637 6.160414 10.00933 11.1435 17.40437 6.185403 10.51133 11.84638 17.5845 
86 16.3072 1.778369 7.342295 6.574049 14.57561 0.8295842 8.083036 6.753939 14.97844 
87 21.57705 0.06967669 5.173992 5.133596 10.3597 0.06341489 4.815984 6.945126 12.75604 
88 17.30705 0.1404361 1.815975 0.2355709 4.483363 0.07126197 1.507164 0.448829 4.425626 
89 15.42478 0.146383 8.75034 22.41244 19.59002 7.547863 18.44686 22.62758 19.58326 
90 14.93857 0.8063147 6.158705 9.513899 11.0625 2.62733 6.772144 8.001253 9.684809 
91 18.08044 9.9887 9.267993 9.972125 10.11013 7.015958 8.559921 10.55873 10.33788 
92 20.19251 0.06337099 5.768971 8.406805 9.402522 0.8716413 7.074373 8.171975 9.675034 
93 11.02644 0.06285976 1.977144 0.1237163 6.788809 0.05827061 1.841994 0.1528687 7.235403 
94 14.98216 4.074142 5.982743 6.120887 11.66521 7.306755 8.00776 4.07545 8.89924 
95 18.87919 1.510063 5.416193 5.760478 10.69048 2.247439 6.627305 6.028909 10.86271 
96 22.05488 13.43293 12.51318 11.65461 14.6091 5.784455 10.08693 14.03678 18.53242 
97 10.88306 0.1558706 2.746497 3.386107 8.246539 0.1568878 3.158001 2.240184 7.920953 
98 14.69427 4.304071 5.584045 4.766247 8.874191 4.07081 5.17816 5.030167 9.177749 
99 16.80107 0.09263042 2.793405 1.605408 10.60496 0.09228184 2.784823 1.890648 10.95098 
100 18.36586 10.61207 11.66796 15.59354 10.47491 11.81128 11.9578 15.59912 10.4172 
