79 175.33 211.435 189.992 213.221 188.508 
80 180.266 211.142 188.238 213.061 186.464 
81 176.292 212.087 188.166 211.091 189.073 
82 178.768 212.625 186.152 212.424 186.577 
83 178.511 211.493 188.526 211.325 187.042 
84 176.102 209.484 186.378 210.205 186.703 
85 177.66 211.924 187.772 210.57 187.484 
86 173.906 209.781 188.968 211.328 185.99 
87 174.626 208.196 185.604 208.392 186.799 
88 175.129 207.94 186.077 208.195 187.01 
89 174.507 208.262 185.484 209.147 186.043 
90 173.872 208.151 186.517 208.276 186.068 
91 175.991 207.125 186.136 207.996 185.925 
92 174.481 208.12 185.711 208.434 187.248 
93 175.122 208.425 185.704 207.594 186.222 
94 174.489 208.553 185.679 207.666 186.267 
95 174.745 207.455 185.705 207.14 186.215 
96 174.794 207.892 185.542 207.425 186.033 
97 175.292 208.929 185.532 207.167 186.436 
98 175.59 208.456 185.916 207.685 186.246 
99 174.737 207.714 185.4 208.445 185.851 
100 178.438 208.208 186.092 207.612 186.614 
