79 0.2418734 0.5267148 0.40991 0.3622384 0.4811136 0.5119447 0.4185537 0.3744508 0.4810025 
80 0.2662032 0.4290359 0.4384192 0.3929576 0.5109811 0.4398768 0.4425298 0.3949779 0.5111758 
81 0.2175271 0.521851 0.5174247 0.4335039 0.5174686 0.5247761 0.5133511 0.4307417 0.5174426 
82 0.1358075 0.7136417 0.6142433 0.412937 0.482141 0.744571 0.662146 0.4026461 0.48206 
83 0.32025 0.3917869 0.44319 0.2908441 0.3938589 0.3195219 0.4429818 0.2891972 0.4529001 
84 0.2736999 0.7713469 0.571346 0.5604551 0.5340359 0.7569293 0.5732557 0.561425 0.5337759 
85 0.1762197 0.2900604 0.421458 0.2896307 0.4766551 0.2905584 0.4255187 0.2896691 0.4767041 
86 0.3024293 0.8112524 0.582778 0.5904218 0.5556991 0.8159518 0.5909592 0.5886242 0.5547151 
87 0.3140262 0.7314079 0.4718052 0.3225814 0.5064273 0.4068852 0.4293281 0.3244622 0.5066571 
88 0.1470188 0.8075167 0.455137 0.4299963 0.4528278 0.7005512 0.4471055 0.4296314 0.4501278 
89 0.1640196 0.8344174 0.5988916 0.5972336 0.5034799 0.8343371 0.6001057 0.5993199 0.5480451 
90 0.2508777 0.6237777 0.5778945 0.5469425 0.4266733 0.6391632 0.5715224 0.553943 0.4290614 
91 0.1598331 0.498992 0.514005 0.5174434 0.4769322 0.514713 0.5175495 0.5172946 0.4772178 
92 0.2369239 0.5584623 0.5536968 0.3969808 0.4677938 0.5586317 0.5524689 0.3969327 0.474117 
93 0.1809009 0.7208484 0.4186724 0.4175776 0.4186536 0.7294199 0.4186857 0.4177048 0.4186501 
94 0.3030548 0.7425826 0.504942 0.4225819 0.5183608 0.7931525 0.5287115 0.4224206 0.5183262 
95 0.2868172 0.8343373 0.6814913 0.591424 0.5108957 0.8343308 0.7014016 0.6136464 0.5093977 
96 0.1341822 0.5520689 0.4467876 0.3569882 0.5098329 0.5367331 0.4318487 0.3561146 0.5100361 
97 0.3285295 0.5746605 0.4687534 0.4361513 0.5190967 0.5822798 0.4387073 0.4364281 0.5191016 
98 0.2896485 0.5305693 0.5053112 0.3761649 0.4129876 0.5291109 0.5768101 0.379648 0.3987474 
99 0.155076 0.8090012 0.5251203 0.4335052 0.5185553 0.8037547 0.5219393 0.432991 0.5186625 
100 0.1397639 0.8235429 0.5897385 0.5014236 0.4669761 0.8026047 0.5701189 0.4792109 0.4607376 
