79 21.70503 14.96246 23.07102 28.73638 24.00292 12.15856 22.50124 28.06954 23.84624 
80 15.3862 14.96161 17.16949 19.59445 16.02398 13.73264 16.60133 19.30346 16.05771 
81 18.84974 6.445894 8.680195 11.92206 12.3124 5.820366 8.918858 12.31604 12.50518 
82 20.81461 4.941247 11.72425 14.31143 16.50868 5.076598 11.62333 14.50955 16.6557 
83 22.67279 16.93785 22.12244 26.79547 22.26604 21.27533 23.11831 26.8063 22.21467 
84 17.54479 2.669116 8.660633 9.010787 11.07406 2.675623 8.677041 8.947106 11.05547 
85 22.70487 30.21321 26.07188 29.79076 22.74229 30.09595 26.11548 29.78712 22.71813 
86 16.25282 3.848666 10.03269 12.28244 16.39583 2.624916 9.785945 12.5828 16.42689 
87 17.79933 15.22839 16.2142 20.14286 14.26613 18.91206 16.93866 20.17799 14.27101 
88 17.28545 2.321217 10.29911 11.09615 12.21447 2.930154 10.65891 10.82321 12.40209 
89 19.47535 0.2402244 5.593213 6.105611 10.79251 0.0535117 5.258432 6.063346 10.84858 
90 20.98618 5.138477 11.48052 11.72833 16.16994 3.499802 11.45457 11.01232 15.98466 
91 21.11812 4.713682 8.419051 5.181994 17.84108 4.712134 8.726467 5.260954 17.95449 
92 16.89844 4.747695 11.00569 14.32877 15.56091 5.258725 11.33344 14.75574 15.68968 
93 20.90491 14.84198 15.7841 13.83053 15.84082 13.59382 15.41161 13.84189 15.96475 
94 14.71686 2.315878 7.714007 8.755509 10.27116 2.644844 8.446568 9.082757 10.22511 
95 15.96148 3.757219 8.412583 11.15219 12.93224 3.527353 8.187465 9.873171 12.86813 
96 19.78076 7.793038 14.06439 20.52552 16.10601 9.610802 15.38919 20.59496 16.16498 
97 18.8515 1.882672 6.421123 8.149133 10.85369 1.307949 6.386213 8.095795 10.83909 
98 21.07657 6.087917 12.93346 16.11138 19.60273 6.108701 13.21157 14.59412 19.50068 
99 21.05245 5.477828 9.134824 9.551368 10.61146 5.752673 8.935663 9.861323 10.54099 
100 22.1368 1.639362 7.815461 11.1163 13.85638 1.832252 8.118679 11.09545 13.59865 
