1 177.187 224.864 187.059 222.814 190.806 
2 178.675 221.91 186.631 221.473 185.901 
3 175.224 216.896 188.249 223.187 187.299 
4 179.875 225.302 186.864 223.026 187.606 
5 182.985 224.513 188.456 224.353 196.204 
6 178.564 216.903 190.619 219.935 192.556 
7 180.188 217.051 186.385 221.951 194.941 
8 184.037 216.184 187.012 216.382 190.87 
9 178.436 216.535 186.745 232.518 199.325 
10 180.915 221.341 186.179 221.804 192.81 
11 178.261 218.437 186.162 220.279 189.472 
12 174.598 218.361 186.031 219.429 187.31 
13 174.623 217.239 186.931 221.438 187.409 
14 174.479 218.125 186.723 219.739 187.022 
15 178.378 215.07 186.331 222.051 187.279 
16 180.711 217.824 186.525 221.618 187.686 
17 173.91 218.831 193.044 217.707 187.531 
18 180.888 218.454 186.57 220.875 187.091 
19 174.233 215.961 186.552 222.015 187.461 
20 181.558 218.197 186.389 221.276 186.57 
21 178.068 215.475 187.311 220.627 186.747 
22 174.018 216.778 185.854 222.011 186.791 
23 175.071 214.753 186.311 220.573 187.611 
24 174.493 214.905 190.388 218.379 196.048 
25 186.893 219.341 185.765 221.645 186.418 
26 174.336 216.041 185.743 219.826 187.062 
27 174.271 215.381 191.949 214.901 187.719 
28 174.452 215.392 188.968 217.822 187.111 
29 174.994 217.855 187.051 221.167 190.248 
30 179.613 220.723 186.645 221.04 186.462 
31 174.119 215.767 193.946 219.965 193.805 
32 182.902 218.817 187.037 221.108 187.102 
33 181.11 218.161 193.211 214.757 190.01 
34 177.313 216.02 186.505 222.511 186.939 
35 181.659 217.413 185.929 221.791 186.101 
36 175.001 216.252 188.466 218.651 186.899 
37 174.347 216.291 185.854 220.577 186.353 
38 179.658 216.281 187.091 220.995 186.748 
39 180.258 219.091 187.131 221.945 188.543 
40 178.09 219.848 191.349 217.547 188.357 
41 178.735 218.4 186.407 220.095 187.854 
42 175.227 217.697 186.33 220.484 187.45 
43 180.15 218.186 186.12 214.875 186.789 
44 174.645 216.358 187.302 223.031 186.656 
45 180.054 215.009 186.706 219.875 186.147 
46 175.778 218.553 187.03 220.818 186.519 
47 180.782 216.78 193.414 220.731 190.029 
48 179.708 218.107 187.725 220.816 187.588 
49 174.55 218.315 186.278 219.98 186.368 
50 175.989 218.198 186.148 221.707 187.182 
51 179.649 215.908 187.382 222.104 186.802 
52 174.39 215.754 187.018 223.195 187.348 
53 180.408 216.664 188.433 222.206 187.673 
54 174.846 215.67 185.809 222.291 186.337 
55 180.443 217.317 186.5 212.323 185.772 
56 176.584 217.608 186.442 220.477 187.144 
57 174.645 215.856 186.71 221.395 186.814 
58 180.829 215.834 186.616 220.564 187.027 
59 174.754 217.051 186.036 219.172 187.562 
60 184.392 226.434 189.577 230.06 200.134 
61 183.442 227.603 197.635 235.983 201.324 
62 191.094 220.373 187.065 225.719 188.437 
63 182.27 242.092 211.509 256.114 237.476 
64 212.221 267.583 227.244 268.424 223.14 
65 205.442 281.053 221.201 297.086 223.603 
66 206.495 227.976 196.555 227.268 191.045 
67 181.196 230.136 194.705 234.052 194.54 
68 185.499 223.544 195.54 233.586 197.398 
69 190.437 228.457 196.009 224 195.278 
70 184.993 221.122 194.989 218.387 186.622 
71 185.187 237.732 195.061 241.781 198.554 
72 191.776 236.663 201.626 226.007 190.99 
73 185.572 233.246 197.055 230.38 200.135 
74 187.829 263.94 194.829 233.352 194.488 
75 186.236 228.558 200.408 232.275 199.504 
76 186.193 236.951 197.319 234.376 199.305 
77 191.97 232.243 196.892 229.971 202.25 
78 199.426 236.391 194.056 228.542 191.454 
